790	471
719	611
622	619
657	521
84	973
785	841
412	256
900	379
174	985
719	6
26	160
779	252
439	547
111	718
716	3
601	440
429	491
408	53
169	415
753	126
727	562
862	725
660	414
966	346
524	516
893	212
86	685
826	322
248	442
39	10
9	975
557	493
627	37
632	13
726	7
163	248
554	301
160	134
32	754
501	152
655	182
204	87
744	688
751	859
761	540
969	269
647	464
812	351
22	33
623	448
499	941
871	941
460	782
634	415
388	658
225	832
596	972
438	762
144	244
507	176
800	155
95	3
698	303
792	20
410	644
358	293
695	546
172	194
947	897
602	484
411	1
610	771
80	460
859	248
116	700
803	224
995	448
371	710
142	252
401	202
994	328
886	650
63	96
137	785
360	773
206	481
429	222
885	506
400	371
161	96
889	127
72	356
344	804
407	126
291	330
848	27
916	915
751	755
825	296
65	383
575	176
620	385
70	744
831	833
963	836
794	587
231	722
715	996
972	440
330	440
418	775
99	193
261	186
19	931
480	945
824	254
414	580
712	10
132	868
295	986
255	54
519	315
669	12
162	539
252	930
857	322
759	886
699	909
161	270
955	559
648	301
390	713
417	453
726	415
413	23
815	170
32	878
777	293
727	643
276	892
55	763
995	253
695	291
761	833
113	571
248	125
812	304
267	433
258	951
313	376
968	250
861	737
515	540
452	601
166	160
751	322
235	535
137	715
143	889
726	693
538	18
170	38
498	11
69	965
663	533
442	737
207	560
47	722
417	235
331	432
62	704
724	855
577	75
374	664
913	376
353	247
293	830
557	837
16	809
59	499
298	221
232	71
800	262
896	380
48	286
727	265
828	868
550	544
338	619
371	358
660	890
457	185
802	443
768	247
155	90
458	314
339	489
23	244
72	956
954	551
839	391
902	311
133	677
568	185
591	546
726	125
70	37
701	453
143	386
481	204
852	386
823	887
382	965
554	960
765	868
165	958
823	63
752	614
906	442
272	658
948	386
387	686
350	366
727	314
381	49
603	772
331	125
470	576
452	833
265	994
318	98
881	611
155	139
875	677
142	232
251	332
848	121
605	651
164	775
829	988
400	54
900	950
476	370
181	272
137	136
459	373
669	454
352	214
228	330
545	61
788	619
149	326
469	742
429	315
476	611
237	48
9	625
877	642
323	914
179	56
840	224
431	425
723	482
450	870
715	204
667	45
849	226
915	269
580	984
984	359
4	186
71	771
166	349
938	127
217	38
586	852
637	938
589	395
112	238
604	787
694	262
726	188
433	132
994	955
331	752
717	238
926	780
681	547
586	508
655	960
67	993
144	5
475	495
777	55
569	836
16	351
26	737
391	90
592	395
859	708
28	53
209	221
988	443
340	388
490	484
308	543
291	539
555	240
130	980
690	167
396	323
673	299
800	159
293	754
393	54
524	123
384	225
81	186
367	178
209	632
503	402
927	672
473	278
908	674
71	380
894	35
469	369
743	264
372	366
24	673
142	791
727	206
56	319
204	194
206	763
23	739
200	754
809	485
994	691
303	860
579	314
228	229
730	167
307	685
19	804
318	461
291	572
343	669
190	873
437	446
776	285
527	592
586	328
253	223
509	999
908	73
925	355
180	887
292	533
861	645
115	208
541	509
138	26
555	100
712	595
973	90
776	492
222	161
846	435
283	274
615	645
344	782
82	207
574	115
783	474
20	662
147	29
212	831
64	28
5	691
920	933
330	187
593	930
445	779
657	373
624	5
183	672
843	506
148	946
589	474
522	125
199	679
191	666
110	446
843	956
635	745
118	930
453	25
266	74
845	446
683	678
848	888
556	855
276	716
59	215
926	631
361	452
521	375
144	223
682	28
498	174
814	992
142	982
107	548
839	997
362	980
235	432
780	437
395	620
840	383
311	439
378	458
995	348
806	155
660	456
327	100
822	38
936	545
883	53
511	489
59	158
113	850
481	393
101	531
323	532
764	160
64	713
472	560
857	84
511	571
169	187
843	695
122	967
681	849
47	405
895	322
841	435
577	825
408	206
928	330
19	211
727	19
562	962
878	875
554	533
727	787
124	628
301	342
167	570
452	646
993	491
959	475
362	621
246	79
790	54
965	342
256	647
201	364
898	195
727	416
921	875
124	510
811	607
86	418
141	603
71	220
302	783
502	215
140	469
406	951
857	675
460	832
168	775
926	723
534	976
805	74
466	790
34	213
915	620
438	999
200	98
677	516
457	960
108	768
145	387
717	830
747	275
334	680
482	833
316	769
904	875
367	658
452	494
673	910
649	504
963	973
401	671
474	446
343	542
481	273
798	204
734	464
208	999
757	152
62	895
625	950
143	621
465	294
574	860
577	687
426	693
793	471
186	845
20	185
373	414
113	911
883	61
902	336
461	38
802	90
405	217
322	182
95	838
450	638
602	496
99	208
241	775
64	517
419	688
821	507
806	939
974	750
151	229
885	288
727	581
486	910
923	640
942	992
79	631
877	532
724	543
407	186
488	753
591	419
171	806
9	382
353	570
10	873
457	722
988	953
987	78
33	956
448	330
987	906
536	839
575	563
744	508
470	483
696	242
804	479
289	736
293	328
727	113
534	393
987	758
498	162
732	780
19	505
152	707
485	887
992	485
138	879
234	505
307	506
795	46
614	539
205	424
388	120
82	414
978	462
388	598
773	182
52	235
507	544
143	306
67	394
773	689
739	946
394	178
928	988
281	638
904	406
773	933
302	298
786	261
726	365
564	766
676	427
865	444
219	394
466	482
865	257
216	213
783	915
723	383
848	977
68	572
736	626
469	784
355	836
39	531
330	664
526	238
704	946
160	161
785	593
300	745
52	432
781	299
417	607
780	587
957	685
142	204
209	691
180	227
749	492
321	407
788	636
917	202
220	844
838	366
377	286
425	314
559	748
186	500
481	1
878	639
141	605
595	136
912	782
684	658
574	188
895	606
202	737
868	799
682	106
147	837
129	338
215	87
149	135
702	580
92	491
600	725
206	394
847	776
621	446
523	946
712	57
846	769
289	188
221	103
233	220
412	102
869	656
53	456
236	669
184	260
451	880
728	440
115	647
115	187
222	915
934	457
92	873
690	558
231	901
458	891
52	380
978	185
574	152
351	786
95	148
48	87
328	215
434	283
219	353
318	716
604	562
190	881
76	0
589	326
551	606
176	548
998	305
65	844
626	844
766	984
197	128
475	543
62	368
813	14
817	691
21	372
920	423
556	162
734	608
550	199
297	830
351	667
81	379
511	8
518	97
16	808
535	263
94	783
812	46
236	502
352	674
865	452
242	245
717	381
984	924
498	329
487	548
171	607
618	571
254	799
903	833
223	293
418	194
449	432
430	289
232	355
729	342
589	359
117	668
560	722
262	754
232	340
714	462
778	649
719	613
891	415
625	375
135	993
592	464
93	245
590	598
649	393
663	314
225	485
577	820
223	888
372	475
12	369
944	56
476	187
190	236
987	776
792	917
210	346
644	103
487	713
526	534
779	92
391	174
459	299
192	878
297	376
615	787
346	240
853	951
448	353
797	220
740	223
646	429
327	595
171	891
832	830
88	956
957	113
602	830
561	662
519	474
153	13
525	838
780	933
90	977
745	128
20	527
698	233
19	962
992	202
858	229
920	474
663	383
583	512
536	605
527	953
703	725
712	668
596	65
780	585
51	106
411	437
760	666
231	234
278	504
31	749
915	773
479	642
47	916
882	765
963	597
843	447
640	528
81	487
160	943
225	502
145	359
712	448
926	109
499	989
365	367
797	474
663	532
465	89
590	706
317	77
740	231
941	337
999	193
488	630
355	479
41	442
106	229
121	285
445	117
923	490
798	385
988	884
670	617
583	785
629	87
311	669
802	154
117	582
295	190
284	980
53	326
371	541
63	637
455	541
20	979
0	274
928	196
319	274
29	345
248	617
847	543
389	999
529	671
174	864
371	768
102	40
821	746
798	314
401	8
916	891
41	209
360	629
415	280
676	667
628	962
396	372
239	505
368	329
300	769
246	469
867	532
981	42
166	325
739	240
525	447
960	611
832	38
421	861
589	938
300	941
219	820
377	258
757	327
327	547
770	29
349	270
764	793
678	686
372	830
387	394
761	266
391	57
834	211
13	248
511	322
809	247
82	405
504	48
408	805
790	6
841	359
792	977
220	539
592	932
278	306
592	234
578	193
350	448
723	399
590	474
334	811
561	874
138	333
929	240
916	344
427	539
389	980
469	522
78	759
196	644
434	206
581	134
550	136
84	737
246	629
641	737
525	18
601	617
694	783
844	933
57	462
727	530
609	139
764	768
190	850
527	386
874	791
928	690
390	280
929	558
869	558
477	914
105	482
71	322
943	14
841	215
526	553
95	779
814	576
400	774
316	914
21	259
968	932
669	423
246	832
564	969
777	332
545	31
923	917
246	770
478	505
521	461
616	774
778	522
902	184
95	36
523	111
394	285
715	824
316	483
553	771
968	884
447	181
538	951
104	881
777	696
445	167
315	741
412	87
465	296
906	485
957	70
867	454
675	127
504	528
855	303
952	475
504	12
91	315
472	677
653	3
181	514
483	658
316	956
76	986
798	115
350	412
184	257
905	195
799	544
37	170
59	10
95	524
583	984
937	632
733	635
465	888
241	608
364	738
752	77
872	580
21	739
210	946
929	40
155	183
597	977
371	556
842	13
429	172
81	617
683	788
116	984
779	0
439	508
822	890
700	125
499	393
9	176
32	954
551	730
512	517
795	864
928	118
374	804
74	123
320	632
550	690
594	734
389	149
447	193
469	63
251	61
797	600
168	772
935	842
305	940
478	247
49	677
759	719
135	737
407	89
801	984
266	393
594	890
851	131
658	540
917	881
104	667
726	884
488	974
895	827
628	765
757	303
623	970
528	493
1	8
228	677
609	15
281	45
16	968
648	57
717	127
475	5
609	367
76	517
680	720
321	798
486	606
474	102
486	743
869	101
682	399
458	799
377	923
300	718
371	156
734	619
736	918
537	36
704	668
927	613
386	860
361	824
875	825
386	931
243	412
131	111
901	658
214	212
52	555
19	79
627	327
816	691
950	574
307	955
685	598
770	463
452	855
746	755
922	672
9	548
147	881
880	810
984	607
412	394
392	743
762	85
426	364
447	615
20	443
627	305
453	714
241	845
657	28
578	484
696	322
192	652
362	603
149	306
351	905
669	687
434	882
27	31
519	286
566	254
313	234
902	882
470	250
343	78
705	529
981	523
123	877
937	796
753	204
308	67
386	976
886	286
247	178
271	778
205	645
70	788
937	228
385	722
346	223
455	954
622	458
397	644
902	519
586	297
390	369
724	967
572	962
256	484
336	60
295	369
847	93
306	508
929	722
362	830
573	980
616	179
316	79
402	25
878	26
660	77
892	404
521	518
29	238
59	615
592	8
606	73
772	844
904	683
551	585
738	3
823	969
244	281
973	509
939	617
364	597
948	543
819	553
71	501
179	507
842	554
21	461
287	672
752	605
318	422
84	897
586	26
646	756
639	897
818	68
497	441
4	249
526	824
806	702
426	899
535	518
19	411
42	280
559	933
983	704
712	930
597	899
284	29
168	380
340	56
107	678
815	915
137	147
840	693
655	17
693	36
20	131
501	815
84	653
325	127
355	53
445	375
153	638
360	406
436	218
519	339
357	369
609	396
271	789
323	807
757	623
988	664
31	8
752	786
457	463
941	988
291	706
524	905
221	215
616	463
491	240
893	715
504	162
772	442
569	395
457	188
592	642
670	977
171	673
800	660
545	723
146	209
436	385
374	667
368	277
616	214
968	782
729	2
949	746
906	349
821	96
305	198
815	172
683	8
926	810
384	262
451	993
239	570
778	713
495	899
308	140
770	103
982	154
760	665
712	716
26	494
72	626
867	674
94	415
458	870
86	511
171	371
862	915
480	412
310	968
864	687
467	359
46	651
398	741
702	427
568	709
247	810
785	159
991	254
526	14
891	126
251	12
334	595
759	810
920	963
174	217
572	737
445	810
989	608
1	446
800	840
654	831
758	570
100	722
785	294
186	979
16	558
203	221
466	531
969	907
347	786
289	779
413	384
98	972
477	808
988	170
21	836
36	490
185	226
970	229
476	472
373	136
219	157
145	744
154	60
550	949
913	188
68	905
732	986
764	783
476	977
886	940
640	73
998	437
573	687
76	10
692	249
883	91
912	621
612	425
740	485
132	947
996	449
792	697
896	552
300	713
95	648
36	560
526	319
862	455
633	593
335	349
678	495
910	939
925	483
354	511
115	969
991	604
859	707
253	335
248	810
159	161
914	368
800	154
937	221
331	106
550	48
667	346
800	940
536	755
695	489
789	736
300	353
878	358
808	576
371	410
736	503
609	589
453	637
692	785
848	274
473	638
595	755
863	315
555	918
244	248
798	29
213	97
331	194
785	844
463	680
228	967
11	220
34	386
410	794
578	599
67	567
746	182
969	87
237	518
886	482
658	571
499	976
822	359
607	126
985	719
813	124
569	549
71	833
660	157
389	5
944	424
940	494
263	508
100	940
308	528
813	58
672	18
885	643
674	441
139	303
574	787
468	773
62	696
922	440
756	924
438	817
458	659
212	103
438	329
746	193
566	419
184	769
322	607
805	517
152	240
842	445
300	704
696	187
659	262
209	432
271	79
758	870
819	765
501	182
574	2
414	448
674	969
628	240
561	781
241	867
862	692
891	831
486	125
360	64
992	577
868	356
28	671
375	326
692	488
648	809
504	962
114	875
174	96
917	91
992	199
335	597
792	749
692	562
851	405
331	117
206	109
105	953
561	2
216	71
116	383
798	355
976	342
942	850
490	671
829	26
124	176
219	362
146	538
486	695
864	582
936	405
946	539
377	480
778	700
741	495
287	110
975	280
925	678
276	388
858	643
81	423
577	77
180	612
926	786
351	112
752	83
789	817
243	562
456	492
637	304
478	462
636	40
138	189
848	739
716	984
10	688
155	281
7	42
653	285
989	186
431	123
451	260
470	795
805	608
354	950
526	519
761	831
646	547
81	689
996	233
605	961
305	514
317	955
276	688
393	63
107	175
721	641
527	629
227	113
426	949
337	796
469	855
118	544
308	85
622	296
361	580
216	803
216	620
662	405
676	783
761	221
376	532
444	315
152	75
387	199
806	815
724	359
364	492
465	802
698	535
663	449
824	796
143	128
334	874
451	143
858	217
715	38
21	886
552	170
369	933
679	247
997	541
82	301
91	542
191	642
179	752
705	561
451	342
105	226
194	217
93	369
166	64
983	887
805	953
174	484
842	282
942	652
263	668
125	277
527	617
856	129
982	383
565	868
852	544
270	754
656	837
972	946
400	723
814	303
950	123
20	605
961	572
251	983
902	703
885	528
210	468
519	288
377	985
388	106
622	216
111	629
378	85
861	132
690	547
990	670
819	860
944	335
176	556
59	226
462	45
848	347
605	98
311	775
628	860
448	877
827	668
133	774
236	478
507	5
450	112
121	658
950	218
384	149
527	44
779	464
992	515
937	710
918	435
161	73
431	491
800	297
743	886
912	460
798	755
566	615
379	759
434	121
683	951
473	899
970	784
418	588
888	382
404	61
7	222
814	537
901	264
20	698
35	319
783	282
663	607
677	844
507	827
865	413
829	301
95	855
343	361
33	973
736	766
778	472
584	641
960	877
961	573
393	691
205	213
429	973
577	430
910	357
573	240
331	243
955	890
670	784
351	981
612	374
852	649
750	831
163	88
325	11
191	10
81	355
631	544
137	966
219	465
856	706
761	335
546	771
988	993
581	197
180	711
76	220
670	492
872	752
191	119
637	749
786	363
252	154
660	34
795	691
739	185
343	792
231	884
863	796
177	335
838	224
764	202
944	700
469	973
138	877
625	490
91	759
728	918
906	256
581	235
794	18
874	443
241	945
201	607
897	299
896	867
726	193
452	74
701	191
165	634
320	741
696	930
882	709
292	771
584	900
856	619
618	497
228	666
104	209
585	273
605	225
804	567
957	124
604	666
761	65
370	406
702	924
621	532
826	356
724	349
192	363
236	106
667	670
121	69
135	217
797	676
524	833
842	312
354	628
200	658
906	83
729	887
688	637
892	649
457	339
70	888
625	356
403	74
522	576
129	153
634	490
10	827
829	754
527	535
541	326
641	259
987	344
579	880
484	650
665	560
464	754
320	164
610	475
388	689
362	365
60	924
871	139
925	635
206	952
819	993
113	762
384	672
853	462
359	899
957	898
426	448
79	877
40	587
564	355
682	707
406	515
151	266
614	162
69	193
164	638
963	159
507	514
520	327
989	518
225	784
847	125
413	512
392	167
948	868
985	884
205	659
453	661
500	772
715	620
567	582
730	737
912	811
856	289
381	784
438	744
879	607
398	320
925	277
372	330
584	661
257	892
758	471
449	570
79	827
347	687
172	92
315	626
726	201
159	240
216	640
625	702
81	529
177	319
9	840
55	653
295	919
18	706
854	100
178	198
355	558
380	359
24	610
47	578
586	262
797	655
603	930
218	345
792	401
577	299
627	984
417	937
20	186
738	481
848	455
723	178
312	958
738	4
690	697
172	756
263	304
232	58
292	787
763	679
724	706
367	808
768	613
621	898
575	399
622	655
272	338
929	197
382	722
426	274
297	513
698	478
774	668
112	341
15	559
75	945
302	720
901	962
417	365
403	817
241	40
562	930
714	809
110	940
823	123
693	881
954	277
230	969
481	115
241	541
919	748
2	338
399	73
922	981
943	250
743	891
173	38
660	470
848	581
914	859
726	420
828	637
694	964
403	162
878	713
967	687
625	768
143	561
801	532
201	624
783	653
272	322
298	965
248	707
695	5
436	402
444	924
727	174
451	708
5	462
426	169
676	720
104	15
205	256
819	54
12	397
657	656
853	161
360	583
448	349
772	224
510	837
729	441
457	215
519	68
396	364
923	601
323	215
409	539
904	158
566	119
98	915
144	955
58	57
813	492
865	331
129	623
880	119
473	263
321	42
885	199
297	888
812	888
714	399
862	594
912	797
279	395
312	204
874	884
694	650
740	873
674	363
452	511
288	642
633	659
935	617
