1319	1532
1308	1416
1475	1479
1523	1088
1692	1214
1705	1055
1083	1097
1278	1658
1404	1481
1251	1758
1699	1197
1515	1695
1681	1306
1574	1438
1020	1120
1010	1435
1895	1675
1614	1202
1705	1464
1227	1635
1836	1619
1326	1343
1568	1931
1477	1013
1474	1085
1260	1330
1829	1770
1186	1123
1991	1299
1108	1170
1690	1098
1085	1938
1084	1122
1910	1132
1149	1491
1748	1146
1749	1169
1499	1195
1573	1454
1541	1537
1738	1132
1313	1338
1771	1796
1649	1883
1262	1164
1468	1665
1272	1202
1612	1419
1249	1713
1962	1666
1221	1719
1322	1235
1729	1788
1888	1678
1740	1165
1719	1908
1468	1139
1038	1455
1210	1776
1038	1368
1867	1752
1783	1596
1059	1229
1763	1324
1765	1605
1865	1120
1988	1741
1852	1605
1304	1906
1462	1892
1830	1842
1374	1703
1905	1699
1895	1559
1983	1033
1216	1088
1665	1290
1752	1915
1431	1487
1923	1820
1435	1554
1070	1536
1585	1265
1488	1636
1379	1592
1395	1987
1619	1726
1023	1482
1021	1911
1839	1854
1177	1341
1165	1290
1215	1337
1930	1297
1701	1828
1175	1137
1734	1904
1488	1806
1790	1532
1953	1804
1567	1024
1531	1811
1227	1945
1600	1445
1477	1292
1207	1529
1901	1025
1093	1264
1508	1242
1484	1593
1690	1658
1640	1341
1023	1247
1422	1921
1233	1252
1221	1204
1269	1168
1823	1959
1995	1133
1147	1999
1123	1152
1826	1163
1282	1285
1962	1200
1386	1697
1263	1679
1373	1757
1297	1870
1221	1619
1095	1691
1209	1145
1808	1224
1895	1502
1890	1127
1289	1164
1812	1362
1423	1730
1153	1330
1723	1740
1843	1020
1936	1350
1560	1331
1274	1020
1558	1518
1385	1245
1746	1099
1466	1649
1166	1591
1009	1538
1354	1141
1489	1201
1403	1146
1967	1502
1345	1347
1747	1169
1940	1281
1687	1263
1344	1348
1705	1852
1125	1248
1294	1742
1227	1312
1092	1667
1012	1467
1636	1538
1210	1062
1965	1868
1446	1397
1314	1708
1393	1270
1492	1219
1576	1709
1512	1784
1077	1606
1175	1421
1373	1975
1896	1831
1051	1288
1775	1256
1176	1011
1901	1152
1181	1544
1263	1970
1154	1565
1714	1257
1688	1747
1869	1196
1023	1632
1977	1244
1558	1931
1790	1613
1049	1791
1438	1614
1986	1904
1688	1766
1497	1362
1133	1282
1746	1731
1244	1839
1770	1203
1195	1990
1841	1052
1133	1835
1456	1450
1721	1892
1012	1352
1179	1421
1871	1552
1251	1801
1301	1053
1712	1306
1021	1901
1347	1831
1091	1304
1805	1906
1278	1425
1066	1911
1422	1370
1087	1707
1148	1135
1186	1682
1560	1132
1647	1582
1434	1187
1795	1140
1543	1652
1173	1608
1466	1953
1785	1963
1769	1782
1815	1302
1997	1743
1434	1418
1843	1653
1724	1244
1176	1026
1023	1149
1947	1520
1712	1233
1966	1686
1418	1224
1081	1891
1693	1821
1795	1568
1088	1958
1967	1902
1385	1692
1750	1390
1432	1465
1403	1812
1251	1714
1419	1631
1275	1222
1309	1838
1372	1311
1524	1199
1495	1581
1593	1764
1165	1850
1277	1817
1051	1048
1346	1609
1950	1841
1228	1400
1189	1865
1486	1131
1744	1155
1947	1592
1720	1896
1051	1537
1328	1583
1907	1763
1056	1624
1635	1697
1294	1037
1216	1773
1177	1919
1456	1763
1316	1678
1225	1098
1477	1429
1551	1723
1647	1965
1449	1547
1042	1078
1612	1371
1683	1497
1642	1037
1530	1169
1989	1352
1485	1618
1919	1200
1721	1638
1859	1101
1234	1700
1010	1988
1558	1942
1005	1304
1610	1829
1990	1025
1026	1332
1644	1719
1777	1609
1716	1199
1905	1781
1436	1826
1114	1735
1849	1919
1389	1784
1240	1568
1751	1403
1564	1781
1678	1603
1990	1814
1599	1375
1676	1559
1901	1652
1712	1397
1369	1814
1968	1481
1641	1105
1092	1752
1830	1137
1009	1923
1166	1599
1195	1130
1209	1469
1929	1553
1437	1016
1504	1940
1927	1436
1787	1698
1351	1476
1360	1123
1349	1203
1110	1580
1086	1424
1776	1399
1190	1993
1083	1452
1030	1870
1795	1520
1580	1646
1599	1689
1328	1058
1340	1102
1771	1060
1027	1026
1457	1109
1360	1882
1483	1850
1051	1605
1989	1771
1991	1764
1532	1011
1594	1575
1936	1823
1125	1516
1119	1557
1893	1308
1082	1032
1569	1111
1068	1004
1687	1710
1738	1250
1618	1656
1567	1343
1021	1731
1836	1204
1803	1015
1607	1140
1480	1514
1777	1108
1368	1987
1441	1082
1361	1728
1158	1450
1348	1275
1905	1259
1787	1617
1986	1646
1755	1757
1002	1256
1331	1834
1230	1727
1566	1781
1199	1300
1871	1366
1883	1230
1895	1102
1031	1695
1746	1904
1114	1537
1077	1914
1934	1224
1110	1242
1803	1691
1010	1666
1657	1786
1688	1261
1564	1254
1995	1378
1541	1290
1536	1403
1980	1040
1177	1896
1527	1273
1933	1609
1007	1383
1719	1036
1484	1527
1610	1677
1449	1867
1064	1766
1428	1965
1761	1522
1793	1651
1412	1994
1441	1664
1288	1621
1969	1455
1192	1183
1057	1250
1754	1655
1282	1872
1919	1327
1813	1764
1530	1773
1799	1005
1419	1780
1049	1554
1369	1858
1446	1967
1369	1847
1468	1382
1803	1493
1042	1682
1770	1245
1095	1102
1234	1448
1230	1353
1219	1583
1057	1620
1182	1657
1991	1740
1518	1000
1128	1851
1091	1717
1684	1306
1289	1856
1375	1964
1401	1039
1602	1670
1376	1367
1289	1241
1774	1474
1661	1362
1173	1024
1200	1655
1951	1036
1985	1046
1294	1546
1023	1498
1393	1130
1394	1642
1138	1954
1138	1254
1333	1621
1092	1987
1110	1082
1011	1634
1380	1016
1473	1072
1113	1019
1519	1004
1372	1957
1142	1596
1014	1381
1056	1911
1744	1914
1294	1452
1115	1751
1749	1637
1676	1939
1987	1697
1847	1357
1206	1129
1883	1806
1794	1895
1457	1205
1737	1745
1299	1424
1815	1373
1648	1938
1508	1330
1962	1293
1180	1333
1893	1623
1953	1763
1371	1135
1798	1250
1377	1531
1654	1095
1149	1253
1950	1855
1975	1222
1083	1641
1488	1491
1799	1301
1167	1123
1038	1510
1023	1943
1852	1367
1710	1283
1387	1169
1277	1896
1588	1923
1966	1242
1556	1883
1979	1644
1991	1392
1194	1396
1799	1989
1157	1110
1611	1496
1213	1620
1463	1971
1092	1341
1623	1452
1340	1795
1587	1421
1323	1155
1604	1861
1684	1948
1081	1068
1746	1697
1747	1340
1158	1243
1108	1134
1391	1245
1141	1897
1374	1716
1434	1857
1640	1820
1783	1868
1798	1331
1641	1789
1275	1786
1247	1510
1435	1215
1499	1492
1543	1120
1873	1801
1861	1577
1479	1414
1396	1515
1681	1888
1462	1847
1700	1050
1733	1287
1333	1191
1151	1645
1825	1196
1610	1605
1847	1000
1038	1635
1869	1594
1864	1570
1103	1084
1501	1123
1240	1292
1590	1711
1893	1695
1074	1055
1485	1103
1845	1390
1073	1092
1937	1274
1361	1165
1157	1980
1760	1741
1751	1134
1108	1015
1095	1114
1371	1547
1391	1080
1783	1327
1505	1675
1407	1078
1058	1921
1372	1274
1705	1702
1176	1723
1456	1806
1922	1433
1389	1327
1791	1302
1124	1743
1659	1843
1188	1418
1207	1351
1240	1280
1398	1036
1114	1621
1898	1921
1724	1762
1066	1629
1635	1765
1474	1088
1622	1552
1772	1452
1360	1352
1258	1107
1079	1020
1584	1363
1221	1215
1323	1078
1583	1163
1480	1748
1118	1422
1708	1474
1903	1812
1327	1581
1985	1242
1961	1139
1295	1840
1732	1845
1752	1491
1772	1431
1210	1036
1613	1835
1434	1530
1171	1300
1998	1183
1440	1050
1602	1606
1819	1781
1215	1773
1419	1195
1770	1274
1814	1270
1507	1379
1982	1194
1401	1403
1377	1835
1430	1288
1970	1318
1381	1433
1188	1586
1574	1068
1245	1620
1859	1371
1856	1973
1589	1879
1333	1914
1800	1135
1501	1581
1562	1624
1349	1725
1219	1972
1929	1670
1309	1711
1077	1624
1881	1183
1664	1256
1870	1099
1428	1656
1673	1879
1204	1357
1604	1508
1654	1642
1484	1640
1213	1112
1014	1343
1854	1581
1344	1589
1617	1315
1837	1900
1288	1012
1086	1930
1177	1247
1350	1312
1213	1254
1830	1170
1841	1773
1721	1263
1117	1786
1048	1950
1597	1896
1719	1856
1682	1281
1385	1108
1361	1718
1247	1050
1584	1299
1198	1419
1729	1460
1216	1552
1939	1617
1991	1774
1934	1584
1103	1429
1276	1754
1689	1707
1090	1019
1185	1688
1027	1670
1084	1355
1128	1529
1080	1671
1118	1630
1764	1050
1083	1691
1412	1638
1236	1343
1908	1300
1500	1596
1864	1522
1206	1778
1305	1439
1771	1578
1514	1700
1103	1923
1167	1399
1545	1127
1293	1396
1548	1024
1317	1913
1753	1536
1043	1020
1708	1256
1771	1382
1237	1599
1405	1938
1289	1943
1093	1989
1775	1759
1089	1017
1211	1060
1736	1510
1677	1542
1301	1787
1887	1451
1920	1800
1202	1892
1079	1863
1686	1252
1234	1793
1985	1474
1552	1120
1929	1399
1548	1705
1422	1889
1333	1473
1804	1520
1977	1375
1463	1018
1010	1946
1155	1191
1982	1483
1471	1233
1480	1501
1668	1817
1797	1715
1518	1577
1094	1348
1088	1106
1475	1155
1385	1352
1018	1350
1116	1457
1951	1733
1310	1858
1345	1303
1988	1736
1471	1637
1369	1872
1923	1533
1831	1879
1939	1424
1486	1686
1897	1879
1694	1751
1397	1438
1330	1902
1027	1652
1454	1356
1251	1381
1218	1829
1834	1902
1564	1199
1045	1754
1500	1866
1636	1025
1417	1977
1992	1290
1627	1814
1951	1380
1399	1630
1144	1758
1485	1676
1472	1136
1239	1973
1477	1058
1911	1025
1526	1291
1267	1381
1532	1699
1712	1882
1777	1057
1392	1528
1406	1274
1562	1606
1631	1356
1715	1837
1583	1408
1367	1938
1322	1660
1826	1359
1916	1935
1654	1930
1216	1787
1457	1841
1719	1938
1423	1441
1430	1613
1010	1729
1591	1399
1399	1126
1724	1204
1920	1109
1433	1906
1751	1470
1924	1225
1309	1667
1529	1222
1256	1531
1093	1882
1517	1745
1386	1878
1201	1388
1882	1269
1602	1189
1095	1811
1548	1674
1070	1518
1097	1716
1275	1959
1874	1058
1598	1559
1118	1460
1499	1550
1190	1390
1970	1250
1628	1919
1263	1876
1977	1392
1932	1786
1804	1284
1853	1603
1460	1343
1876	1168
1308	1202
1389	1517
1432	1367
1574	1230
1659	1465
1345	1076
1830	1105
1996	1101
1976	1351
1591	1347
1648	1476
1529	1810
1268	1217
1111	1211
1765	1514
1258	1312
1192	1603
1797	1429
1567	1514
1876	1233
1084	1043
1526	1736
1030	1283
1104	1501
1598	1733
1275	1065
1688	1199
1943	1359
1094	1547
1507	1438
1484	1404
1043	1053
1569	1310
1396	1981
1344	1106
1668	1805
1291	1039
1574	1383
1262	1342
1481	1363
1220	1559
1712	1553
1344	1245
1443	1590
1319	1001
1726	1801
1851	1373
1851	1452
1933	1030
1894	1421
1706	1473
1171	1101
1172	1332
1768	1660
1755	1258
1260	1247
1979	1558
1507	1139
1827	1587
1856	1359
1207	1078
1669	1104
1748	1168
1971	1442
1515	1970
1976	1579
1883	1107
1434	1570
1442	1270
1588	1736
1383	1683
1593	1515
1340	1820
1326	1944
1444	1285
1470	1339
1977	1076
1846	1152
1190	1202
1121	1947
1797	1519
1556	1710
1883	1013
1436	1919
1815	1961
1071	1767
1492	1002
1380	1641
1965	1630
1452	1519
1949	1401
1479	1981
1206	1903
1003	1469
1295	1215
1851	1389
1411	1858
1656	1982
1586	1285
1484	1108
1535	1865
1720	1611
1574	1869
1566	1703
1147	1800
1262	1554
1891	1886
1793	1298
1190	1921
1044	1745
1406	1244
1413	1252
1845	1904
1785	1821
1297	1168
1216	1708
1173	1167
1627	1511
1918	1034
1376	1813
1377	1946
1172	1702
1016	1382
1050	1989
1157	1340
1590	1994
1742	1899
1340	1050
1672	1788
1164	1577
1576	1148
1869	1436
1084	1568
1350	1663
1865	1511
1737	1288
1045	1008
1901	1099
1694	1739
1665	1757
1010	1596
1333	1690
1274	1578
1634	1565
1391	1364
1636	1505
1265	1467
1704	1151
1668	1132
1921	1886
1349	1256
1586	1991
1337	1784
1851	1103
1863	1835
1597	1626
1058	1913
1672	1796
1186	1505
1922	1129
1833	1788
1023	1994
1947	1269
1297	1671
1452	1907
1683	1786
1912	1108
1221	1206
1372	1014
1433	1390
1746	1974
1875	1150
1715	1219
1185	1029
1327	1964
1859	1913
1518	1203
1738	1129
1489	1023
1394	1976
1678	1465
1932	1312
1625	1645
1851	1625
1341	1605
1262	1904
1573	1342
1292	1451
1562	1056
1867	1557
1923	1415
1794	1365
1047	1162
1803	1856
1524	1581
1685	1084
1680	1408
1536	1840
1104	1908
1176	1570
1849	1339
1068	1589
1108	1497
1367	1771
1124	1059
1081	1518
1694	1879
1462	1114
1340	1762
1132	1522
1212	1835
1131	1603
1422	1707
1305	1996
1383	1356
1980	1981
1370	1474
1316	1632
1738	1442
1152	1970
1562	1031
1743	1666
1097	1031
1281	1028
1828	1033
1071	1584
1780	1741
1597	1068
1448	1367
1395	1283
1532	1282
1092	1642
1093	1280
1371	1758
1901	1134
1379	1880
1326	1832
1883	1444
1910	1897
1562	1147
1907	1019
1147	1717
1940	1683
1888	1304
1598	1609
1767	1960
1589	1745
1477	1944
1762	1359
1692	1531
1891	1450
1068	1013
1718	1510
1627	1563
1848	1325
1613	1838
1346	1224
1532	1624
1985	1132
1091	1351
1498	1719
1177	1932
1239	1487
1490	1450
1021	1511
1883	1745
1042	1454
1087	1561
1639	1608
1471	1711
1173	1773
1441	1790
1247	1304
1646	1020
1572	1989
1965	1519
1087	1947
1011	1107
1082	1445
1709	1273
1948	1746
1647	1839
1114	1261
1749	1038
1394	1016
1079	1343
1813	1744
1430	1047
1896	1246
1753	1418
1572	1057
1524	1020
1264	1396
1117	1239
1887	1110
1633	1272
1230	1265
1133	1092
1002	1390
1146	1205
1930	1414
1566	1024
1598	1244
1114	1656
1298	1046
1979	1679
1114	1011
1537	1284
1417	1392
1994	1357
1232	1421
1552	1931
1588	1959
1927	1559
1672	1046
1442	1465
1418	1053
1437	1196
1437	1053
1728	1241
1531	1131
1589	1481
1080	1194
1391	1953
1623	1935
1374	1879
1443	1929
1689	1675
1623	1286
1115	1229
1115	1807
1893	1597
1829	1196
1264	1583
1553	1346
1449	1307
1633	1554
1115	1872
1240	1225
1677	1168
1197	1509
1466	1369
1449	1522
1559	1223
1813	1162
1023	1754
1936	1670
1210	1571
1319	1702
1979	1677
1795	1487
1249	1059
1116	1781
1548	1285
1547	1915
1907	1791
1909	1761
1016	1378
1889	1224
1797	1362
1254	1875
1410	1327
1813	1312
1227	1495
1404	1433
1427	1040
1587	1660
1208	1439
1442	1872
1219	1325
1490	1139
1392	1239
1097	1154
1334	1107
1591	1280
1221	1428
1735	1711
1386	1317
1545	1137
1211	1347
1438	1312
1756	1178
1859	1462
1255	1877
1476	1013
1527	1433
1480	1964
1266	1969
1330	1061
1912	1267
1507	1959
1544	1318
1804	1983
1881	1917
1354	1974
1023	1890
1059	1039
1118	1512
1185	1339
1073	1368
1407	1754
1662	1751
1427	1285
1604	1814
1728	1745
1116	1761
1088	1330
1088	1975
1498	1456
1860	1959
1226	1535
1070	1821
1215	1944
1376	1769
1700	1579
1604	1265
1817	1475
1473	1776
1350	1304
1406	1049
1191	1882
1688	1570
1087	1931
1690	1011
1648	1279
1743	1011
1665	1702
1534	1935
1738	1988
1180	1617
1941	1533
1030	1509
1986	1622
1568	1203
1067	1686
1590	1145
1030	1146
1331	1469
1563	1276
1606	1660
1807	1886
1471	1911
1147	1106
1745	1872
1085	1348
1171	1582
1657	1842
1418	1866
1177	1408
1521	1388
1898	1362
1635	1483
1416	1758
1091	1356
1604	1856
1443	1268
1010	1416
1713	1222
1883	1841
1819	1129
1593	1069
1905	1788
1669	1211
1797	1681
1117	1364
1893	1619
1047	1989
1532	1079
1130	1571
1379	1112
1138	1700
1918	1571
1214	1974
1565	1276
1703	1795
1648	1952
1743	1677
1158	1113
1362	1242
1333	1833
1979	1270
1832	1105
1951	1830
1654	1209
1720	1009
1752	1250
1486	1097
1809	1947
1729	1268
1779	1862
1684	1058
1051	1187
1237	1017
1068	1346
1000	1040
1070	1220
1701	1209
1854	1792
1664	1924
1277	1539
1111	1275
1323	1133
1815	1162
1419	1298
1091	1516
1573	1242
1282	1353
1798	1776
1614	1284
1704	1855
1824	1352
1491	1043
1704	1655
1817	1015
1569	1261
1573	1842
1460	1874
1438	1788
1998	1033
1514	1930
1846	1342
1634	1793
1160	1137
1008	1051
1117	1769
1733	1864
1649	1422
1286	1761
1021	1823
1198	1486
1405	1331
1720	1199
1319	1244
1720	1527
1564	1899
1258	1885
1288	1717
1238	1460
1602	1111
1090	1781
1541	1377
1974	1880
1155	1378
1863	1613
1133	1885
1184	1241
1584	1788
1253	1122
1875	1519
1768	1123
1005	1992
1057	1112
1526	1043
1893	1971
1747	1397
1393	1363
1003	1945
1519	1863
1685	1204
1512	1370
1277	1806
1905	1549
1198	1575
1051	1800
1008	1587
1038	1178
1729	1245
1091	1302
1849	1272
1321	1754
1066	1575
1335	1120
1859	1287
1607	1491
1982	1223
1051	1493
1514	1315
1374	1525
1461	1089
1951	1751
1814	1666
1185	1343
1129	1549
1311	1463
1277	1221
1226	1254
1325	1630
1431	1609
1186	1135
1840	1352
1406	1544
1932	1375
1520	1292
1095	1735
1887	1913
1254	1269
1517	1613
1937	1034
1680	1388
1901	1334
1305	1967
1161	1655
1010	1251
1509	1711
1851	1507
1184	1327
1386	1031
1698	1638
1277	1576
1787	1144
1162	1515
1728	1256
1439	1518
1297	1325
1749	1290
1064	1310
1229	1367
1729	1483
1072	1739
1943	1561
1072	1726
1369	1309
1042	1360
1295	1897
1621	1359
1980	1321
1498	1080
1842	1838
1056	1549
1249	1625
1311	1926
1924	1881
1109	1651
1507	1883
1080	1782
1449	1731
1282	1840
1084	1001
1220	1313
1883	1675
1064	1455
1271	1609
1167	1158
1210	1109
1677	1268
1426	1956
1907	1571
1748	1119
1320	1067
1508	1581
1418	1421
1423	1915
1370	1872
1576	1682
1573	1501
1310	1019
1585	1638
1234	1429
1134	1120
1309	1788
1264	1091
1537	1252
1198	1331
1526	1899
1294	1473
1934	1211
1922	1680
1692	1652
1027	1552
1908	1122
1014	1146
1843	1324
1259	1728
1767	1306
1919	1711
1535	1112
1370	1012
1462	1956
1431	1967
1209	1164
1532	1902
1928	1429
1826	1384
1442	1055
1723	1544
1714	1459
1383	1909
1710	1215
1436	1379
1746	1835
1103	1889
1961	1616
1448	1546
1193	1321
1743	1506
1847	1456
1886	1366
1087	1459
1752	1433
1937	1015
1871	1084
1857	1304
1846	1433
1081	1983
1340	1054
1005	1529
1686	1605
1569	1272
1665	1006
1787	1509
1619	1060
1374	1871
1950	1356
1698	1870
1720	1787
1569	1697
1314	1266
1331	1245
1471	1817
1389	1806
1876	1491
1612	1675
1311	1200
1431	1889
1950	1579
1548	1928
1504	1308
1968	1212
1498	1781
1006	1252
1619	1122
1746	1923
1590	1494
1562	1103
1401	1096
1288	1163
1489	1526
1187	1243
1665	1693
1247	1248
1965	1076
1360	1063
1307	1165
1053	1297
1845	1921
1953	1032
1400	1105
1960	1455
1588	1255
1104	1135
1661	1782
1087	1422
1068	1403
1443	1728
1037	1806
1375	1187
1190	1132
1860	1467
1975	1459
1564	1987
1698	1816
1169	1877
1346	1302
1021	1614
1140	1973
1285	1241
1697	1736
1641	1970
1319	1770
1221	1324
1417	1160
1769	1987
1335	1902
1395	1317
1595	1571
1840	1284
1558	1404
1987	1944
1720	1920
1461	1817
1405	1203
1506	1583
1564	1492
1237	1342
1863	1801
1047	1416
1328	1782
1753	1801
1264	1526
1560	1944
1176	1796
1562	1287
1322	1358
1797	1528
1933	1371
1180	1671
1264	1959
1083	1880
1954	1944
1966	1205
1778	1999
1542	1784
1260	1872
1247	1847
1824	1776
1368	1974
1105	1670
1484	1703
1434	1178
1160	1601
1127	1257
1625	1358
1138	1641
1832	1421
1164	1453
1198	1113
1456	1353
1111	1317
1995	1439
1598	1919
1777	1101
1413	1646
1907	1510
1962	1061
1594	1739
1499	1463
1907	1557
1103	1631
1204	1901
1491	1853
1738	1909
1234	1069
1631	1108
1336	1791
1762	1408
1742	1017
1413	1168
1755	1036
1709	1511
1277	1301
1656	1695
1440	1642
1387	1964
1391	1778
1576	1088
1558	1164
1576	1436
1766	1235
1808	1222
1837	1104
1738	1113
1074	1904
1512	1361
1003	1899
1247	1938
1995	1414
1719	1612
1529	1843
1841	1726
1046	1935
1519	1246
1319	1681
1708	1222
1995	1945
1386	1703
1156	1050
1626	1057
1593	1807
1118	1965
1376	1308
1231	1584
1905	1831
1018	1975
1604	1834
1293	1400
1638	1040
1622	1102
1181	1096
1394	1144
1281	1663
1569	1330
1826	1162
1797	1228
1694	1679
1628	1268
1841	1281
1043	1842
1659	1782
1244	1298
1320	1879
1225	1764
1985	1990
1468	1486
1291	1945
1385	1425
1389	1945
1045	1496
1817	1934
1264	1057
1386	1452
1697	1145
1523	1701
1114	1284
1044	1036
1153	1876
1794	1319
1541	1930
1010	1364
1184	1844
1710	1854
1434	1422
1423	1006
1660	1168
1512	1880
1422	1265
1089	1408
1173	1569
1306	1013
1154	1816
1401	1190
1607	1513
1489	1967
1345	1170
1365	1139
1351	1350
1486	1297
1627	1225
1462	1300
1492	1589
1403	1791
1073	1615
1558	1670
1171	1745
1928	1957
1823	1789
1568	1033
1488	1746
1338	1570
1267	1702
1955	1653
1737	1126
1962	1558
1712	1086
1395	1880
1483	1932
1070	1270
1850	1535
1152	1261
1095	1129
1690	1897
1280	1356
1418	1184
1177	1561
1721	1032
1143	1254
1017	1505
1901	1828
1710	1655
1176	1401
1468	1760
1264	1528
1875	1265
1770	1241
1247	1283
1505	1451
1883	1710
1117	1894
1602	1435
1246	1101
1808	1149
1425	1521
1294	1739
1338	1161
1231	1780
1994	1150
1512	1608
1867	1442
1160	1980
1783	1846
1410	1050
1815	1792
1394	1433
1533	1771
1486	1667
1017	1957
1828	1807
1690	1999
1560	1366
1718	1601
1644	1615
1512	1724
1849	1838
1676	1510
1108	1194
1422	1451
1817	1241
1498	1786
1722	1329
1161	1596
1295	1724
1514	1513
1371	1223
1873	1306
1463	1290
1213	1930
1124	1291
1735	1946
1286	1363
1162	1570
1496	1840
1135	1805
1817	1341
1765	1856
1631	1731
1732	1699
1926	1203
1804	1101
1142	1204
1563	1741
1635	1539
1221	1681
1333	1034
1707	1178
1857	1931
1138	1065
1712	1122
1157	1261
1728	1283
1212	1978
1402	1513
1186	1013
1193	1352
1099	1655
1345	1889
1424	1886
1421	1041
1173	1712
1946	1079
1751	1356
1323	1395
1516	1433
1195	1957
1738	1183
1852	1908
1069	1908
1414	1020
1706	1665
1090	1559
1226	1739
1331	1502
1555	1004
1845	1241
1245	1357
1753	1140
1825	1907
1405	1230
1474	1217
1353	1908
1803	1522
1650	1680
1986	1824
1628	1761
1810	1098
1014	1716
1837	1303
1192	1600
1982	1013
1590	1338
1887	1620
1691	1411
1342	1338
1117	1636
1344	1352
1591	1538
1991	1178
1111	1791
1447	1416
1943	1758
1863	1515
1438	1559
1747	1639
1228	1179
1998	1591
1822	1901
1567	1792
1663	1001
1809	1757
1372	1615
1486	1917
1363	1217
1914	1059
1084	1651
1787	1641
1247	1699
1509	1502
1405	1707
1010	1505
1874	1174
1279	1065
1171	1785
1987	1271
1869	1285
1047	1686
1815	1884
1212	1088
1386	1621
1370	1438
1185	1292
1109	1029
1434	1372
1110	1527
1749	1730
1195	1020
1582	1505
1074	1750
1468	1089
1420	1896
1779	1345
1747	1273
1145	1467
1097	1521
1138	1617
1413	1641
1485	1390
1664	1435
1393	1606
1736	1538
1728	1013
1167	1257
1124	1088
1428	1233
1962	1051
1186	1040
1443	1411
1788	1695
1307	1198
1733	1880
1974	1809
1743	1436
1693	1520
1321	1525
1914	1923
1978	1285
1556	1204
1005	1759
1687	1283
1884	1621
1659	1784
1260	1902
1237	1940
1903	1105
1278	1782
1307	1503
1580	1280
1056	1097
1851	1050
1612	1518
1532	1647
1835	1655
1180	1463
