0 1
0 2
0 3
0 5
0 6
0 7
0 8
0 9
0 10
0 11
0 16
0 17
0 18
0 19
0 20
0 21
0 23
0 25
0 26
0 32
0 33
0 36
0 43
0 47
0 52
0 53
0 60
0 66
0 78
0 81
0 82
0 89
0 94
0 101
0 103
0 110
0 116
0 120
0 126
0 151
0 165
0 168
0 171
0 180
0 182
0 204
0 218
0 230
0 233
0 243
0 250
0 256
0 272
0 281
0 286
0 306
0 352
0 389
0 391
0 395
0 404
0 423
0 426
0 430
0 438
0 456
0 457
0 458
0 459
0 462
0 465
0 497
0 498
0 503
0 506
0 520
0 522
0 524
0 529
0 544
0 545
0 555
0 565
0 583
0 592
0 617
0 621
0 629
0 665
0 693
0 703
0 707
0 711
0 774
0 812
0 840
0 849
0 855
0 907
0 955
1 2
1 3
1 4
1 5
1 9
1 10
1 11
1 12
1 13
1 15
1 19
1 20
1 21
1 23
1 26
1 27
1 28
1 31
1 32
1 33
1 35
1 39
1 47
1 56
1 61
1 67
1 71
1 77
1 78
1 80
1 82
1 89
1 100
1 106
1 120
1 135
1 148
1 168
1 171
1 182
1 188
1 209
1 221
1 233
1 250
1 276
1 309
1 339
1 354
1 364
1 377
1 389
1 395
1 421
1 425
1 430
1 436
1 438
1 456
1 462
1 498
1 499
1 520
1 522
1 535
1 539
1 544
1 560
1 565
1 570
1 592
1 617
1 673
1 692
1 707
1 711
1 715
1 733
1 774
1 796
1 812
1 827
1 891
1 929
1 955
1 971
2 3
2 6
2 8
2 10
2 12
2 18
2 19
2 29
2 33
2 38
2 40
2 43
2 50
2 56
2 67
2 74
2 77
2 80
2 85
2 99
2 132
2 162
2 168
2 178
2 199
2 200
2 219
2 222
2 234
2 255
2 286
2 288
2 289
2 295
2 306
2 346
2 365
2 371
2 374
2 378
2 391
2 421
2 438
2 458
2 474
2 485
2 497
2 544
2 548
2 560
2 566
2 585
2 607
2 629
2 692
2 724
2 766
2 792
2 849
2 891
2 910
2 952
2 955
3 4
3 5
3 8
3 9
3 10
3 14
3 15
3 16
3 18
3 20
3 23
3 31
3 34
3 35
3 42
3 47
3 52
3 61
3 68
3 71
3 72
3 75
3 80
3 81
3 85
3 92
3 110
3 120
3 122
3 134
3 157
3 158
3 163
3 172
3 179
3 202
3 209
3 222
3 229
3 230
3 251
3 265
3 284
3 288
3 289
3 306
3 326
3 351
3 361
3 365
3 376
3 389
3 395
3 403
3 465
3 479
3 481
3 491
3 492
3 498
3 520
3 529
3 550
3 560
3 565
3 579
3 633
3 703
3 733
3 746
3 828
3 829
3 884
3 891
3 929
3 955
4 5
4 8
4 9
4 10
4 11
4 12
4 14
4 18
4 20
4 21
4 22
4 23
4 32
4 38
4 42
4 52
4 56
4 58
4 61
4 63
4 71
4 92
4 108
4 120
4 122
4 153
4 182
4 183
4 184
4 196
4 209
4 214
4 218
4 257
4 263
4 313
4 351
4 355
4 389
4 395
4 400
4 403
4 429
4 459
4 498
4 499
4 560
4 579
4 600
4 651
4 653
4 703
4 728
4 731
4 733
4 829
4 876
4 891
4 929
4 949
4 967
5 6
5 7
5 9
5 10
5 11
5 17
5 19
5 25
5 26
5 35
5 36
5 47
5 53
5 58
5 69
5 87
5 88
5 93
5 102
5 105
5 120
5 124
5 186
5 189
5 202
5 231
5 237
5 243
5 255
5 257
5 265
5 289
5 301
5 389
5 400
5 410
5 413
5 430
5 462
5 498
5 506
5 547
5 560
5 630
5 687
5 690
5 715
5 766
5 798
5 822
5 894
5 926
6 8
6 10
6 13
6 15
6 19
6 20
6 22
6 26
6 27
6 28
6 29
6 31
6 33
6 35
6 40
6 42
6 46
6 57
6 67
6 71
6 87
6 95
6 98
6 101
6 109
6 123
6 169
6 170
6 175
6 219
6 230
6 280
6 286
6 301
6 368
6 392
6 421
6 474
6 497
6 506
6 553
6 555
6 556
6 559
6 567
6 632
6 635
6 650
6 687
6 692
6 715
6 726
6 729
6 766
6 844
6 850
6 891
6 926
6 947
6 950
6 951
6 967
6 995
7 10
7 17
7 23
7 25
7 30
7 41
7 57
7 58
7 86
7 90
7 93
7 98
7 114
7 152
7 201
7 209
7 232
7 250
7 263
7 264
7 413
7 456
7 498
7 665
7 674
7 738
7 741
7 894
7 897
7 900
7 917
7 943
7 981
8 9
8 13
8 22
8 28
8 29
8 35
8 39
8 45
8 55
8 57
8 71
8 80
8 100
8 101
8 108
8 110
8 122
8 137
8 160
8 177
8 182
8 184
8 219
8 273
8 281
8 316
8 365
8 398
8 421
8 437
8 524
8 527
8 559
8 577
8 579
8 629
8 747
8 756
8 844
8 880
8 952
8 967
8 980
8 996
9 11
9 12
9 13
9 17
9 18
9 22
9 26
9 28
9 31
9 32
9 37
9 43
9 46
9 51
9 60
9 71
9 81
9 110
9 157
9 219
9 246
9 263
9 282
9 283
9 300
9 342
9 410
9 415
9 438
9 451
9 465
9 492
9 520
9 543
9 545
9 754
9 817
9 822
9 911
9 964
10 12
10 14
10 16
10 18
10 21
10 24
10 33
10 46
10 55
10 57
10 63
10 65
10 68
10 78
10 79
10 88
10 100
10 107
10 108
10 166
10 204
10 263
10 265
10 283
10 290
10 300
10 323
10 332
10 364
10 398
10 429
10 498
10 674
10 763
10 792
10 871
10 876
10 907
10 908
10 914
10 943
11 12
11 14
11 17
11 18
11 20
11 25
11 26
11 34
11 48
11 58
11 59
11 91
11 95
11 155
11 165
11 185
11 301
11 335
11 415
11 453
11 462
11 483
11 498
11 535
11 539
11 640
11 648
11 658
11 703
11 792
11 943
12 14
12 16
12 29
12 32
12 33
12 37
12 61
12 63
12 75
12 94
12 117
12 130
12 145
12 148
12 157
12 159
12 189
12 191
12 201
12 272
12 300
12 329
12 332
12 344
12 377
12 475
12 523
12 561
12 641
12 677
12 749
12 796
12 943
12 974
13 15
13 28
13 31
13 35
13 43
13 45
13 51
13 54
13 71
13 73
13 76
13 84
13 87
13 89
13 123
13 137
13 144
13 193
13 230
13 314
13 341
13 352
13 377
13 392
13 428
13 489
13 511
13 527
13 546
13 609
13 650
13 718
13 754
13 865
13 995
14 23
14 32
14 34
14 53
14 77
14 88
14 95
14 96
14 116
14 147
14 162
14 181
14 195
14 202
14 237
14 243
14 397
14 473
14 561
14 673
14 686
14 703
14 706
14 707
14 731
14 774
14 811
14 836
14 858
14 970
15 19
15 22
15 24
15 27
15 28
15 29
15 30
15 31
15 35
15 38
15 49
15 61
15 65
15 71
15 102
15 124
15 135
15 141
15 144
15 173
15 179
15 227
15 230
15 231
15 248
15 260
15 282
15 341
15 356
15 370
15 379
15 389
15 410
15 506
15 579
15 692
15 741
15 745
15 766
15 878
15 929
15 950
16 21
16 24
16 36
16 39
16 40
16 55
16 56
16 63
16 118
16 129
16 130
16 142
16 163
16 189
16 190
16 206
16 214
16 236
16 256
16 263
16 292
16 300
16 323
16 344
16 475
16 489
16 498
16 532
16 556
16 749
16 815
16 864
16 884
16 908
16 943
17 18
17 20
17 21
17 36
17 50
17 54
17 62
17 86
17 117
17 131
17 146
17 147
17 176
17 187
17 205
17 208
17 218
17 257
17 265
17 267
17 273
17 375
17 413
17 434
17 441
17 457
17 492
17 519
17 545
17 560
17 592
17 619
17 642
17 734
17 843
17 917
17 972
18 20
18 30
18 44
18 53
18 55
18 56
18 58
18 63
18 66
18 74
18 79
18 85
18 128
18 174
18 179
18 181
18 187
18 300
18 332
18 383
18 395
18 399
18 429
18 460
18 473
18 477
18 707
18 797
18 849
18 896
18 910
19 27
19 28
19 31
19 38
19 47
19 59
19 75
19 80
19 81
19 120
19 140
19 162
19 167
19 226
19 235
19 240
19 245
19 261
19 389
19 392
19 433
19 467
19 490
19 506
19 550
19 583
19 629
19 637
19 726
19 830
19 908
19 913
19 933
19 954
20 21
20 26
20 27
20 28
20 31
20 34
20 46
20 66
20 67
20 81
20 262
20 316
20 319
20 348
20 371
20 477
20 594
20 693
20 726
20 767
20 796
21 22
21 24
21 27
21 31
21 49
21 54
21 56
21 63
21 65
21 67
21 72
21 97
21 151
21 159
21 193
21 226
21 283
21 408
21 530
21 581
21 647
21 726
21 778
21 843
21 917
21 939
22 24
22 49
22 108
22 167
22 181
22 197
22 204
22 216
22 232
22 242
22 283
22 341
22 427
22 579
22 600
22 607
22 627
22 708
22 741
22 803
22 844
22 903
22 905
23 32
23 37
23 41
23 73
23 77
23 90
23 98
23 137
23 149
23 153
23 201
23 218
23 263
23 272
23 293
23 441
23 459
23 628
23 733
23 850
23 963
23 970
23 975
24 35
24 37
24 45
24 49
24 62
24 63
24 82
24 88
24 97
24 104
24 108
24 145
24 159
24 161
24 186
24 193
24 265
24 284
24 307
24 314
24 417
24 516
24 572
24 581
24 602
24 639
24 677
24 708
24 843
24 884
24 906
24 992
25 40
25 58
25 86
25 88
25 108
25 113
25 178
25 213
25 243
25 249
25 344
25 403
25 407
25 413
25 423
25 471
25 619
25 630
25 765
25 816
25 849
25 876
25 939
26 29
26 32
26 33
26 37
26 43
26 83
26 127
26 132
26 157
26 196
26 219
26 242
26 261
26 332
26 387
26 392
26 506
26 632
26 682
26 813
26 827
26 897
27 48
27 97
27 102
27 110
27 112
27 134
27 144
27 211
27 220
27 245
27 281
27 299
27 447
27 501
27 649
27 726
27 786
27 863
28 30
28 33
28 38
28 39
28 44
28 62
28 73
28 74
28 159
28 161
28 173
28 186
28 284
28 293
28 364
28 379
28 405
28 517
28 556
28 559
28 591
28 637
29 34
29 41
29 57
29 68
29 100
29 105
29 112
29 114
29 123
29 132
29 145
29 148
29 175
29 201
29 209
29 219
29 224
29 311
29 337
29 364
29 374
29 410
29 424
29 462
29 481
29 484
29 527
29 646
29 783
29 813
29 855
29 957
29 996
30 37
30 49
30 64
30 79
30 151
30 173
30 214
30 316
30 353
30 414
30 525
30 550
30 668
30 741
30 804
30 808
30 964
30 982
31 33
31 52
31 87
31 139
31 165
31 169
31 185
31 266
31 296
31 298
31 421
31 539
31 574
31 649
31 701
31 939
32 33
32 60
32 82
32 89
32 94
32 123
32 149
32 165
32 270
32 332
32 365
32 398
32 451
32 598
32 612
32 862
32 889
32 943
33 35
33 71
33 91
33 149
33 150
33 195
33 203
33 227
33 309
33 312
33 364
33 387
33 471
33 523
33 605
33 691
33 732
33 856
33 861
34 47
34 48
34 51
34 81
34 104
34 110
34 115
34 145
34 179
34 201
34 259
34 262
34 335
34 503
34 581
34 597
34 668
34 677
34 759
34 803
34 879
35 42
35 45
35 63
35 87
35 88
35 105
35 178
35 182
35 186
35 222
35 235
35 237
35 291
35 389
35 410
35 419
35 456
35 573
35 691
35 732
35 820
35 854
35 868
35 947
36 51
36 66
36 69
36 105
36 111
36 144
36 148
36 152
36 170
36 173
36 181
36 350
36 468
36 473
36 519
36 528
36 598
36 646
36 690
36 707
36 786
36 815
36 861
36 977
37 38
37 48
37 63
37 84
37 108
37 154
37 157
37 313
37 417
37 462
37 668
37 682
37 690
37 698
38 57
38 71
38 72
38 108
38 109
38 116
38 128
38 140
38 313
38 339
38 356
38 379
38 509
38 616
38 668
38 837
38 905
38 954
39 50
39 63
39 67
39 71
39 93
39 99
39 101
39 114
39 177
39 274
39 284
39 339
39 355
39 358
39 380
39 399
39 497
39 556
39 774
39 881
39 996
40 66
40 92
40 126
40 138
40 183
40 344
40 386
40 411
40 425
40 794
40 815
40 849
40 921
41 43
41 44
41 46
41 58
41 70
41 72
41 74
41 77
41 107
41 117
41 152
41 163
41 195
41 204
41 209
41 236
41 246
41 364
41 449
41 628
41 738
42 44
42 53
42 55
42 95
42 113
42 133
42 168
42 176
42 209
42 330
42 389
42 398
42 499
42 509
42 515
42 574
42 709
42 732
42 737
42 824
42 971
43 44
43 47
43 63
43 69
43 98
43 157
43 175
43 204
43 222
43 292
43 362
43 392
43 410
43 424
43 465
43 612
43 652
43 865
44 56
44 59
44 103
44 127
44 196
44 235
44 271
44 317
44 370
44 430
44 451
44 463
44 533
44 650
44 660
44 737
44 824
44 833
45 49
45 51
45 52
45 83
45 89
45 101
45 162
45 183
45 209
45 210
45 280
45 284
45 305
45 314
45 369
45 380
45 429
45 461
45 654
45 843
46 50
46 73
46 74
46 78
46 82
46 139
46 219
46 304
46 319
46 356
46 383
46 482
46 545
46 616
46 726
46 864
46 946
47 69
47 76
47 86
47 123
47 142
47 215
47 274
47 430
47 562
47 685
47 705
47 709
47 829
47 866
48 56
48 77
48 89
48 93
48 97
48 142
48 158
48 165
48 179
48 192
48 210
48 211
48 240
48 248
48 276
48 391
48 406
48 462
48 486
48 497
48 498
48 604
48 732
48 863
48 922
48 949
48 967
49 88
49 93
49 122
49 132
49 135
49 136
49 144
49 165
49 184
49 216
49 228
49 302
49 408
49 538
49 579
49 594
49 722
49 783
49 863
49 929
50 52
50 65
50 74
50 80
50 129
50 137
50 143
50 149
50 172
50 182
50 294
50 304
50 432
50 482
50 727
50 776
50 881
50 893
51 61
51 62
51 66
51 71
51 82
51 85
51 118
51 161
51 164
51 170
51 172
51 201
51 203
51 228
51 240
51 241
51 247
51 252
51 407
51 411
51 423
51 436
51 450
51 461
51 523
51 546
51 626
51 644
51 677
51 693
51 856
52 59
52 67
52 83
52 94
52 103
52 155
52 171
52 180
52 185
52 391
52 499
52 792
52 958
53 58
53 70
53 72
53 96
53 109
53 155
53 179
53 187
53 209
53 250
53 300
53 357
53 499
53 597
53 811
53 843
54 60
54 68
54 74
54 89
54 93
54 113
54 131
54 176
54 208
54 213
54 258
54 259
54 273
54 313
54 325
54 377
54 385
54 399
54 439
54 482
54 587
54 596
54 670
54 734
54 890
54 917
55 64
55 69
55 79
55 101
55 135
55 178
55 197
55 247
55 289
55 300
55 398
55 414
55 469
55 491
55 498
55 512
55 524
56 59
56 72
56 90
56 108
56 166
56 304
56 345
56 378
56 385
56 487
56 489
56 587
56 622
56 639
56 712
56 789
56 895
56 949
57 60
57 64
57 79
57 93
57 100
57 143
57 164
57 177
57 188
57 199
57 208
57 340
57 413
57 432
57 581
57 629
57 644
57 686
57 948
57 982
58 78
58 146
58 209
58 250
58 253
58 299
58 315
58 364
58 490
58 734
58 810
59 69
59 92
59 139
59 150
59 185
59 221
59 235
59 240
59 298
59 494
59 542
59 578
59 762
60 71
60 93
60 100
60 131
60 132
60 151
60 259
60 346
60 439
60 447
60 720
60 818
61 71
61 75
61 80
61 84
61 91
61 97
61 121
61 141
61 202
61 230
61 240
61 288
61 328
61 381
61 406
61 454
61 511
61 551
61 621
61 639
61 665
61 841
61 991
62 78
62 82
62 102
62 106
62 115
62 205
62 250
62 289
62 314
62 461
62 544
63 68
63 76
63 92
63 105
63 123
63 130
63 154
63 157
63 176
63 192
63 218
63 220
63 284
63 323
63 384
63 462
63 792
63 807
63 840
63 846
63 865
63 913
63 932
64 79
64 85
64 99
64 197
64 229
64 253
64 306
64 324
64 414
64 498
64 525
64 528
64 581
64 629
64 741
64 925
64 982
65 67
65 119
65 133
65 163
65 207
65 219
65 283
65 294
65 657
65 736
65 834
66 71
66 84
66 121
66 150
66 183
66 206
66 210
66 212
66 278
66 306
66 353
66 511
66 537
66 640
66 769
66 797
66 849
67 71
67 122
67 208
67 219
67 247
67 274
67 339
67 497
67 550
67 566
67 569
68 70
68 72
68 75
68 76
68 80
68 92
68 93
68 105
68 107
68 112
68 115
68 134
68 153
68 191
68 213
68 274
68 385
68 402
68 405
68 407
68 462
68 481
68 484
68 538
68 564
68 801
69 70
69 87
69 103
69 276
69 298
69 309
69 330
69 372
69 430
69 462
69 723
69 757
69 869
69 888
70 72
70 75
70 335
70 405
70 561
70 624
70 639
70 641
70 877
70 969
71 93
71 110
71 114
71 123
71 137
71 142
71 144
71 145
71 149
71 183
71 201
71 248
71 276
71 285
71 388
71 415
71 454
71 497
71 502
71 537
71 538
71 544
71 571
71 629
71 750
71 839
71 848
71 881
71 882
71 971
72 95
72 127
72 128
72 133
72 158
72 168
72 196
72 544
72 587
72 789
72 851
72 920
73 79
73 189
73 193
73 284
73 326
73 334
73 360
73 374
73 383
73 384
73 405
73 432
73 482
73 584
73 654
73 697
73 748
73 820
73 855
73 946
73 957
73 980
74 102
74 120
74 136
74 159
74 160
74 195
74 212
74 220
74 297
74 319
74 399
74 629
74 637
74 893
75 80
75 135
75 139
75 141
75 163
75 166
75 193
75 230
75 240
75 246
75 328
75 335
75 350
75 554
75 565
75 590
75 638
75 699
75 731
75 789
75 850
75 908
76 80
76 96
76 106
76 110
76 123
76 129
76 213
76 274
76 377
76 381
76 449
76 521
76 552
76 595
76 701
76 770
76 786
76 800
76 836
77 82
77 106
77 117
77 162
77 171
77 195
77 220
77 313
77 331
77 355
77 385
77 391
77 397
77 414
77 466
77 494
77 539
77 596
77 841
77 865
77 949
78 82
78 107
78 146
78 250
78 262
78 332
78 438
78 444
78 467
78 479
78 617
78 710
78 753
78 840
78 959
79 88
79 89
79 165
79 186
79 427
79 470
79 506
79 513
79 528
79 741
79 817
79 830
79 873
79 983
80 135
80 167
80 325
80 346
80 365
80 521
80 538
80 550
80 631
80 677
81 147
81 154
81 156
81 480
81 532
81 541
81 597
81 638
81 886
82 83
82 95
82 121
82 146
82 168
82 206
82 217
82 218
82 270
82 279
82 348
82 369
82 380
82 383
82 917
83 88
83 131
83 198
83 261
83 275
83 376
83 380
83 482
83 775
83 874
84 96
84 148
84 173
84 177
84 191
84 210
84 299
84 462
84 483
84 488
84 489
84 495
84 511
84 526
84 555
84 601
84 725
84 784
84 877
85 104
85 112
85 128
85 172
85 203
85 215
85 284
85 303
85 329
85 380
85 470
85 490
85 581
85 732
85 763
85 950
85 977
86 90
86 92
86 93
86 111
86 121
86 132
86 137
86 157
86 173
86 200
86 206
86 231
86 235
86 272
86 421
86 431
86 578
86 655
86 738
86 740
87 116
87 190
87 271
87 278
87 291
87 315
87 374
87 588
87 616
87 719
87 730
87 809
87 895
88 115
88 124
88 169
88 186
88 216
88 243
88 354
88 407
88 482
88 575
88 792
88 816
88 896
88 944
88 954
89 93
89 125
89 135
89 149
89 165
89 217
89 293
89 300
89 309
89 352
89 573
89 630
89 746
89 815
89 886
90 91
90 127
90 141
90 180
90 187
90 196
90 211
90 215
90 233
90 251
90 257
90 293
90 321
90 440
90 486
90 613
90 656
90 665
90 867
91 154
91 295
91 350
91 364
91 418
91 476
91 547
91 611
91 648
91 748
91 768
91 940
92 93
92 137
92 152
92 157
92 173
92 218
92 229
92 235
92 242
92 288
92 315
92 351
92 387
92 409
92 455
92 468
92 481
92 614
92 628
92 669
92 753
92 759
92 793
92 989
93 126
93 136
93 137
93 138
93 168
93 175
93 188
93 201
93 248
93 251
93 316
93 348
93 350
93 392
93 411
93 459
93 477
93 556
93 585
93 645
93 665
93 670
93 675
93 917
93 923
94 297
94 299
94 368
94 630
94 652
94 744
94 756
94 844
95 168
95 198
95 287
95 332
95 514
95 852
95 872
96 101
96 104
96 109
96 119
96 158
96 174
96 179
96 203
96 227
96 254
96 267
96 318
96 328
96 377
96 380
96 400
96 511
96 523
96 555
96 811
97 99
97 174
97 210
97 332
97 338
97 406
97 585
97 620
97 700
97 732
98 140
98 201
98 252
98 392
98 648
98 776
98 899
99 186
99 190
99 295
99 354
99 482
99 536
99 626
99 795
99 977
100 120
100 166
100 171
100 175
100 188
100 201
100 410
100 455
100 484
100 541
100 605
100 629
100 642
100 648
100 915
100 928
100 975
101 109
101 177
101 511
101 577
101 996
102 112
102 260
102 380
103 111
103 117
103 133
103 235
103 239
103 343
103 430
103 826
104 112
104 115
104 130
104 159
104 174
104 196
104 198
104 203
104 254
104 263
104 320
104 363
104 380
104 407
104 424
104 553
104 581
104 640
104 663
104 746
104 759
104 851
104 874
104 995
105 106
105 125
105 134
105 160
105 285
105 382
105 437
105 497
105 502
105 645
105 659
105 664
105 807
105 840
105 870
105 890
105 925
106 111
106 118
106 177
106 285
106 313
106 358
106 375
106 515
106 518
106 577
106 699
106 700
106 870
107 125
107 128
107 332
107 507
107 628
107 658
107 703
107 721
107 983
107 984
108 197
108 207
108 270
108 336
108 366
108 393
108 674
108 876
108 922
109 118
109 177
109 205
109 241
109 312
109 326
109 368
109 511
109 539
109 833
109 896
110 112
110 119
110 129
110 144
110 202
110 248
110 254
110 309
110 310
110 322
110 354
110 375
110 391
110 469
110 509
110 536
110 575
110 629
110 786
110 833
110 879
110 955
110 980
111 152
111 177
111 200
111 236
111 266
111 322
111 325
111 337
111 399
111 523
111 534
111 587
111 805
112 130
112 153
112 172
112 203
112 343
112 380
112 495
112 581
112 856
112 970
113 124
113 138
113 168
113 191
113 231
113 277
113 354
113 389
113 452
113 631
113 667
113 709
113 816
113 866
114 148
114 152
114 208
114 268
114 285
114 325
114 355
114 532
114 597
114 865
114 983
115 159
115 204
115 232
115 259
115 279
115 354
115 407
115 424
115 579
115 615
115 625
115 704
115 728
115 759
115 775
115 780
115 979
116 119
116 128
116 147
116 169
116 206
116 427
116 434
116 496
116 693
117 126
117 189
117 212
117 243
117 252
117 385
117 387
117 440
117 454
117 485
117 613
117 618
117 754
117 886
118 125
118 165
118 177
118 285
118 341
118 422
118 431
118 507
118 626
118 659
118 966
119 144
119 185
119 198
119 400
119 469
119 476
119 707
119 926
120 136
120 179
120 296
120 481
120 500
120 600
120 607
120 629
120 647
120 686
120 882
120 939
121 138
121 206
121 382
121 487
121 557
121 645
121 749
121 938
121 953
122 129
122 170
122 235
122 281
122 307
122 376
122 388
122 563
122 569
122 576
122 579
122 589
122 636
122 967
123 134
123 140
123 231
123 245
123 337
123 366
123 410
123 458
123 527
123 580
123 600
123 801
124 135
124 143
124 186
124 194
124 199
124 213
124 221
124 231
124 265
124 279
124 354
124 389
124 564
124 575
124 618
124 620
124 798
124 856
125 283
125 363
125 507
125 522
125 579
125 630
125 644
125 652
125 739
125 813
125 815
125 966
126 137
126 156
126 291
126 340
126 605
127 151
127 196
127 227
127 239
127 317
127 339
127 372
127 770
127 775
127 854
127 951
128 153
128 239
128 301
128 313
128 356
128 395
128 552
128 558
128 843
128 850
128 970
129 134
129 180
129 206
129 287
129 360
129 392
129 408
129 504
129 667
129 786
129 816
129 864
129 892
129 976
130 172
130 176
130 393
130 461
130 534
130 548
130 819
130 878
130 943
130 945
131 176
131 205
131 207
131 250
131 258
131 273
131 283
131 335
131 342
131 405
131 429
131 439
131 482
131 634
131 840
132 164
132 199
132 219
132 277
132 409
132 421
132 444
132 500
132 563
132 588
132 683
132 744
132 769
132 917
132 944
132 957
133 136
133 155
133 450
133 458
133 493
133 657
133 691
133 789
133 889
134 182
134 238
134 392
134 396
134 456
134 488
134 497
134 575
134 634
134 677
134 759
134 801
134 824
134 840
134 856
135 144
135 215
135 236
135 238
135 248
135 347
135 388
135 406
135 415
135 438
135 617
135 707
135 713
135 772
135 910
136 155
136 184
136 223
136 291
136 351
136 540
136 564
136 789
136 882
136 889
137 168
137 200
137 218
137 219
137 234
137 248
137 441
137 472
137 534
137 829
138 147
138 183
138 244
138 314
138 350
138 390
138 411
138 419
138 448
138 450
138 612
138 705
138 709
138 749
138 866
138 899
138 903
139 238
139 282
139 298
139 322
139 454
139 494
139 649
139 662
140 146
140 267
140 329
140 337
140 349
140 407
140 540
140 609
140 799
141 187
141 230
141 240
141 273
141 321
141 328
141 426
141 665
141 714
141 766
141 850
141 908
141 993
142 182
142 244
142 256
142 263
142 342
142 498
142 500
142 565
142 571
142 736
142 829
143 149
143 272
143 303
143 431
143 432
143 463
143 728
143 777
143 998
144 185
144 252
144 305
144 363
144 469
144 527
144 537
144 576
144 707
144 955
144 988
145 164
145 214
145 288
145 576
145 606
145 629
145 677
145 697
145 905
146 168
146 218
146 225
146 231
146 270
146 312
146 364
146 510
146 518
146 703
146 838
146 870
147 197
147 290
147 628
147 666
148 150
148 156
148 160
148 219
148 228
148 265
148 338
148 496
148 597
148 660
148 762
148 972
149 166
149 188
149 229
149 297
149 327
149 332
149 361
149 376
149 415
149 432
149 457
149 476
149 538
149 541
149 612
149 695
149 746
149 842
149 867
150 212
150 306
150 346
150 369
150 399
150 492
150 769
150 804
150 838
150 895
150 911
151 169
151 205
151 277
151 416
151 541
152 157
152 170
152 171
152 173
152 194
152 208
152 229
152 261
152 272
152 377
152 402
152 413
152 521
152 543
152 572
152 725
152 920
152 983
153 162
153 176
153 294
153 314
153 333
153 412
153 480
153 499
153 511
153 519
153 525
153 581
153 850
153 970
154 329
154 360
154 463
154 682
155 156
155 187
155 192
155 250
155 286
155 333
155 346
155 445
155 475
155 476
155 597
155 657
155 681
155 792
155 793
155 802
155 987
156 161
156 245
156 344
156 346
156 496
156 586
156 597
156 719
156 722
156 927
156 954
157 171
157 194
157 223
157 246
157 249
157 254
157 272
157 393
157 632
158 361
158 394
158 395
158 450
158 542
158 593
158 752
158 801
158 867
158 931
159 204
159 304
159 366
159 482
159 501
159 516
159 551
159 568
159 639
159 669
159 776
160 167
160 228
160 241
160 345
160 373
160 431
160 437
161 251
161 525
161 572
161 747
161 992
162 293
162 397
162 425
162 490
162 661
162 861
162 933
163 246
163 308
163 328
163 565
163 724
163 736
164 262
164 411
164 523
164 677
164 917
165 538
165 957
166 188
166 221
166 222
166 243
166 254
166 292
166 328
166 367
166 412
166 426
166 511
166 541
166 699
166 770
166 881
166 907
166 914
167 199
167 207
167 340
167 404
167 444
167 521
167 716
167 790
168 268
168 279
168 357
168 428
168 544
168 608
168 755
168 913
168 917
169 197
169 230
169 241
169 310
169 319
169 338
169 496
169 710
169 731
169 790
170 173
170 194
170 217
170 218
170 252
170 336
170 589
170 678
170 750
170 879
170 933
171 174
171 188
171 194
171 200
171 201
171 208
171 249
171 355
171 365
171 572
171 738
171 775
171 854
171 915
172 176
172 247
172 284
172 393
172 396
172 417
172 461
172 479
172 520
172 575
172 593
172 678
172 693
172 822
172 954
173 177
173 217
173 255
173 265
173 293
173 299
173 306
173 308
173 419
173 481
173 664
173 724
174 188
174 249
174 253
174 298
174 332
174 337
174 353
174 365
174 446
174 514
174 531
175 211
175 410
175 481
175 613
175 618
175 825
176 177
176 179
176 232
176 405
176 507
176 518
176 531
176 576
176 651
176 675
176 681
176 911
177 179
177 227
177 253
177 285
177 316
177 358
177 577
177 607
177 608
177 672
177 676
177 718
177 986
178 222
178 224
178 359
178 419
178 424
178 512
178 520
178 560
178 583
178 639
178 742
178 765
178 772
178 863
178 887
179 193
179 227
179 533
179 663
179 856
180 185
180 378
180 422
180 423
180 432
180 472
180 485
180 564
180 651
180 688
180 811
180 958
181 192
181 321
181 349
181 473
181 528
181 590
181 707
181 787
181 858
181 905
181 924
182 188
182 224
182 246
182 474
182 505
182 513
182 633
182 637
182 655
182 731
182 765
182 796
183 411
183 899
183 918
184 188
184 214
184 216
184 317
184 369
184 414
184 538
184 540
184 549
184 796
185 235
185 445
185 537
185 539
185 591
185 707
186 269
186 295
186 448
186 517
186 906
186 936
187 190
187 212
187 228
187 233
187 240
187 267
187 380
187 381
187 399
187 492
187 499
187 665
187 733
187 748
187 788
187 829
187 911
188 194
188 301
188 332
188 337
188 353
188 514
188 840
188 915
188 923
189 195
189 216
189 224
189 234
189 264
189 303
189 368
189 487
189 506
189 704
189 749
189 765
189 820
189 830
189 946
189 999
190 233
190 275
190 310
190 323
190 349
190 359
190 499
190 536
190 624
190 748
191 262
191 337
191 387
191 402
191 462
191 597
191 630
191 634
191 636
191 714
192 240
192 258
192 264
192 384
192 445
192 455
192 517
192 792
192 816
192 900
193 196
193 203
193 204
193 284
193 384
193 401
193 601
193 636
193 820
193 856
194 249
194 301
194 318
194 414
194 483
194 678
194 798
194 915
195 220
195 460
195 506
195 519
195 819
195 996
196 227
196 435
196 510
196 581
196 771
196 851
196 951
197 226
197 255
197 271
197 287
197 311
197 344
197 491
197 731
197 922
198 510
198 601
198 638
198 771
198 872
198 897
198 964
199 258
199 320
199 444
199 573
199 588
199 715
199 793
199 831
199 910
199 952
200 231
200 242
200 276
200 398
200 757
200 851
201 230
201 259
201 321
201 323
201 392
201 428
201 473
201 484
201 648
202 210
202 278
202 389
202 632
202 679
202 805
202 906
203 326
203 340
203 382
203 471
203 523
203 754
203 856
204 209
204 223
204 230
204 274
204 351
204 424
204 579
204 669
204 759
204 772
204 779
204 813
204 883
204 932
205 290
205 305
205 389
205 592
205 692
206 256
206 279
206 348
206 460
206 498
206 501
206 737
206 833
206 865
206 953
207 250
207 283
207 297
207 476
207 617
207 834
208 213
208 237
208 393
208 413
208 991
209 302
209 314
209 317
209 397
209 456
209 525
209 726
209 738
209 783
209 865
210 256
210 284
210 390
210 498
210 679
210 774
211 271
211 303
211 336
211 486
211 669
211 732
211 863
212 223
212 228
212 238
212 277
212 307
212 332
212 357
212 501
212 528
212 754
212 761
212 826
212 836
212 847
212 891
212 961
213 225
213 249
213 389
213 393
213 510
213 658
213 695
213 734
213 752
214 379
214 435
214 444
214 766
214 978
215 264
215 321
215 323
215 410
215 430
215 660
215 739
215 830
215 916
216 268
216 310
216 352
216 537
216 863
216 869
216 902
216 947
217 255
217 293
217 379
217 433
217 998
218 245
218 267
218 288
218 360
218 376
218 380
218 397
218 455
218 574
218 669
218 823
218 840
219 448
219 488
219 829
220 225
220 231
220 319
220 352
220 356
220 396
220 486
220 530
220 575
220 596
220 634
220 643
220 792
220 832
220 863
220 873
220 932
221 240
221 249
221 257
221 426
221 428
221 541
221 620
221 764
222 225
222 254
222 295
222 320
222 363
222 574
222 706
222 717
222 741
222 807
222 812
222 881
222 979
222 986
223 266
223 351
223 355
223 357
223 445
223 603
223 659
223 759
223 847
223 882
223 918
224 234
224 260
224 291
224 319
224 322
224 368
224 419
224 492
224 505
224 512
224 653
224 704
224 765
225 231
225 336
225 363
225 389
225 393
225 510
225 512
225 582
225 628
225 729
225 838
225 879
226 255
226 287
226 289
226 359
226 419
226 424
226 610
226 624
226 689
226 708
226 837
226 868
226 981
227 260
227 302
227 334
227 580
227 811
227 931
227 966
228 268
228 330
228 381
228 395
228 465
228 701
228 740
228 933
229 258
229 298
229 357
229 735
229 746
230 233
230 420
230 428
230 502
230 679
230 698
230 745
230 797
230 929
231 234
231 257
231 282
231 296
231 370
231 398
231 442
231 443
231 458
231 552
231 578
231 596
231 798
231 866
231 939
231 963
232 292
232 505
232 507
232 559
232 579
232 894
232 904
233 283
233 580
233 964
234 345
234 356
234 869
234 935
235 308
235 323
235 390
235 413
235 573
235 711
235 966
235 967
236 244
236 266
236 325
236 333
236 386
236 406
236 614
236 891
237 239
237 280
237 286
237 287
237 307
237 393
237 501
237 547
237 658
237 661
237 703
237 942
238 357
238 456
238 606
238 837
238 845
238 900
239 401
239 411
239 453
239 473
239 617
239 675
239 832
239 843
239 905
240 248
240 269
240 275
240 448
240 527
240 908
240 960
240 978
241 294
241 312
241 434
241 663
241 833
241 896
241 926
242 367
242 442
242 495
242 596
242 614
242 699
242 758
242 780
242 911
243 354
243 358
243 367
243 403
243 404
243 484
244 247
244 318
244 365
244 514
244 548
244 626
244 818
244 880
244 903
245 409
245 505
245 537
245 606
245 649
245 680
245 712
245 834
245 944
246 328
246 590
246 610
246 639
246 822
246 908
247 282
247 289
247 328
247 519
247 611
247 793
247 839
247 945
248 275
248 311
248 320
248 388
248 497
248 576
248 599
248 799
248 801
248 834
248 844
248 929
249 269
249 270
249 279
249 341
249 427
249 443
249 449
249 553
249 627
249 642
249 729
249 874
249 976
250 408
250 419
250 545
250 617
250 707
250 840
250 843
251 275
251 288
251 350
251 459
251 665
252 269
252 327
252 331
252 372
252 558
252 620
252 622
252 846
252 888
253 315
253 359
253 370
253 410
253 419
253 600
253 607
253 755
253 885
253 925
254 317
254 322
254 328
254 391
254 553
254 593
254 759
254 948
255 289
255 419
255 689
255 981
256 278
256 284
256 348
256 372
256 383
256 461
256 498
256 539
256 702
256 945
257 265
257 280
257 286
257 458
258 353
258 357
258 373
258 446
258 611
258 671
258 716
258 725
258 745
258 788
258 932
259 279
259 358
259 625
259 655
259 753
259 927
260 352
260 374
260 435
260 672
260 704
260 748
260 914
261 285
261 392
261 506
261 619
261 700
261 741
261 908
262 304
262 400
262 402
262 582
262 597
262 614
262 790
263 281
263 342
263 354
263 441
263 575
263 586
263 791
263 825
264 294
264 308
264 345
264 418
264 430
264 534
264 581
264 648
264 830
264 900
264 922
264 926
264 953
265 739
265 760
265 821
265 885
266 274
266 491
266 680
266 803
267 380
267 713
268 464
268 508
268 590
268 976
269 275
269 302
269 422
269 448
269 463
269 527
269 546
269 549
269 595
269 627
269 831
269 950
270 421
270 475
270 598
270 642
270 792
270 798
271 471
271 682
271 824
271 892
272 535
272 672
272 959
273 332
273 488
273 696
274 400
274 503
274 770
275 311
275 576
275 694
276 484
276 757
276 845
276 894
277 364
277 563
277 701
277 887
277 957
278 286
278 330
278 562
278 793
278 940
279 369
279 380
279 443
279 615
279 704
279 962
280 286
280 305
281 362
281 380
281 447
281 602
281 684
281 698
282 289
282 394
282 552
282 568
282 570
282 625
282 637
282 676
282 928
282 938
283 437
283 438
283 482
283 536
283 615
283 744
283 964
284 338
284 371
284 372
284 406
284 433
284 444
284 496
284 521
284 565
284 567
284 633
284 774
285 290
285 416
285 464
285 565
285 628
285 699
285 700
285 751
285 902
286 335
286 385
286 508
286 617
286 752
286 793
286 909
286 940
287 298
287 485
287 530
287 625
287 837
288 376
288 481
288 512
288 555
288 570
288 629
288 661
288 876
288 884
288 905
288 923
289 362
289 412
289 491
289 496
289 498
289 511
289 607
289 795
289 804
289 907
290 334
290 349
290 480
290 555
290 592
290 598
290 628
290 683
290 704
290 994
291 494
291 637
291 854
291 895
291 913
291 943
292 529
292 894
293 352
293 379
293 430
293 481
293 556
293 559
293 886
294 312
294 384
294 482
294 644
294 674
294 926
295 373
295 386
295 457
295 614
295 743
295 795
295 997
296 342
296 370
296 398
296 481
296 629
296 641
296 724
296 939
297 299
297 428
297 455
297 476
297 652
297 668
297 925
298 324
298 412
298 448
298 511
298 536
298 574
298 942
299 327
299 368
299 450
299 457
299 668
299 729
299 857
299 891
300 311
300 323
300 344
300 535
300 777
301 548
301 652
301 712
301 740
301 745
301 947
302 397
302 417
302 693
302 783
302 832
302 865
302 879
303 334
303 390
303 466
303 546
303 549
303 732
303 743
303 859
303 964
303 999
304 482
304 501
304 545
304 998
305 314
305 493
305 735
306 318
306 492
306 548
306 670
307 332
307 347
307 378
307 501
307 568
307 592
307 602
307 761
307 840
308 324
308 331
308 343
308 445
308 657
308 724
308 809
309 354
309 358
309 364
309 401
309 430
309 454
309 462
309 529
309 575
309 986
310 322
310 426
310 499
310 536
310 593
310 736
311 319
311 344
311 351
311 478
311 527
312 370
312 467
312 471
312 482
312 596
312 715
312 779
313 339
313 394
313 520
313 603
313 954
313 989
314 397
314 448
314 581
314 706
314 758
314 784
315 363
315 375
315 382
315 554
315 560
315 586
315 628
315 810
315 925
316 459
316 460
316 524
316 594
316 664
316 993
317 397
317 456
317 525
317 582
317 649
317 759
317 800
317 806
317 911
318 328
318 339
318 548
318 768
319 351
319 356
319 526
319 527
319 531
319 687
319 864
320 331
320 333
320 363
320 447
320 495
320 515
320 720
320 721
320 742
320 782
320 799
320 834
320 910
320 966
321 347
321 367
321 473
321 509
321 528
321 556
321 654
321 665
321 764
321 924
321 927
322 325
322 420
322 536
322 540
322 587
322 593
322 805
323 324
323 327
323 388
323 446
323 473
323 478
323 499
323 532
323 597
323 599
323 648
323 846
324 412
324 478
324 511
324 533
324 547
325 386
325 648
326 343
326 382
326 443
326 451
326 521
326 595
326 623
326 638
326 750
327 381
327 406
327 612
327 809
327 846
327 882
327 891
328 590
328 729
328 754
328 862
328 914
329 468
329 700
329 761
329 930
329 937
329 968
331 721
331 742
331 941
332 528
332 761
332 840
332 878
332 883
332 896
332 919
333 515
333 516
333 837
333 853
334 533
334 584
335 361
335 457
335 577
335 898
335 940
335 953
336 389
336 393
336 441
336 517
336 549
336 933
337 361
337 387
337 458
337 507
337 526
337 566
337 629
338 401
338 528
338 834
339 509
339 687
339 926
340 933
341 356
341 416
341 569
341 642
341 708
341 765
341 875
342 366
342 483
342 629
342 831
342 890
342 902
343 530
343 755
343 792
343 826
344 504
344 601
344 846
344 904
344 922
345 419
345 489
345 795
345 904
346 628
346 702
346 744
347 420
347 501
347 723
347 781
348 491
348 660
348 797
348 995
349 395
349 469
349 478
349 569
350 440
350 800
350 962
351 402
351 404
351 424
351 558
351 669
352 435
352 439
352 469
352 565
352 698
352 730
352 821
353 357
353 489
353 525
353 716
354 367
354 439
354 477
354 557
354 575
354 856
355 494
355 651
356 684
357 524
357 527
357 541
357 544
357 599
357 683
357 704
357 900
358 362
358 436
358 442
358 462
358 625
358 808
358 986
359 403
359 419
359 424
359 434
359 435
359 571
359 748
359 880
359 892
359 904
360 424
360 823
361 457
361 746
361 794
361 868
361 940
362 440
363 393
363 404
363 500
363 515
363 628
363 910
363 966
364 424
364 526
364 578
364 875
365 437
365 538
365 592
365 639
365 746
366 432
366 522
366 544
366 624
366 639
366 921
366 952
367 379
367 420
367 453
367 477
367 483
367 528
367 636
367 852
368 371
368 547
368 643
368 668
368 692
368 729
368 946
369 399
369 416
369 590
369 774
370 410
370 660
370 677
371 595
371 662
371 712
371 740
371 796
372 373
372 394
372 442
372 451
372 871
372 927
373 472
373 766
373 963
373 997
374 654
374 748
374 855
375 415
375 657
375 718
375 972
376 409
376 558
376 746
377 520
377 521
377 554
377 635
377 736
377 974
378 418
378 425
378 429
378 592
378 611
378 901
379 408
379 461
379 542
379 768
379 867
379 878
380 563
380 727
380 830
381 402
381 492
381 521
381 662
381 695
381 701
381 733
381 788
381 890
382 645
384 403
384 459
384 765
384 807
384 820
385 706
386 614
386 802
387 466
387 471
387 517
387 526
387 726
387 827
387 897
387 914
388 415
388 506
388 576
388 851
388 858
389 592
389 707
390 419
390 575
390 798
390 866
391 413
391 433
391 438
391 471
391 633
392 422
392 515
392 689
393 404
393 439
393 511
393 554
393 647
393 773
393 999
394 860
395 478
395 479
395 568
396 443
396 468
396 575
397 418
397 621
397 648
397 722
397 751
397 783
397 865
398 469
398 672
398 705
398 866
398 877
399 817
400 503
400 804
401 411
401 453
401 473
401 816
401 989
402 466
402 504
402 521
402 543
402 564
402 958
403 459
403 703
403 755
404 439
404 558
404 562
404 985
405 446
405 452
405 498
405 510
405 576
405 682
405 688
405 748
406 620
406 694
406 774
406 809
406 910
407 521
407 828
407 849
408 514
408 546
408 647
408 806
408 817
408 841
408 843
408 961
409 507
409 558
409 920
410 618
410 660
410 763
410 996
411 436
411 450
411 529
411 670
411 896
411 917
411 919
411 934
412 511
412 533
412 665
413 653
413 671
413 687
413 707
413 711
414 465
414 498
414 670
415 538
415 586
415 612
415 773
416 590
416 853
416 855
417 473
417 479
417 693
417 713
417 783
417 878
417 879
418 453
418 584
418 648
418 901
419 772
419 855
419 904
420 459
420 673
420 805
420 914
421 623
421 650
421 996
422 485
422 566
422 689
422 786
423 472
423 543
423 651
423 709
423 885
424 551
424 625
424 639
424 709
425 666
425 696
425 917
425 944
425 973
427 572
427 781
428 452
428 455
428 575
429 470
429 910
430 470
430 534
430 653
430 893
430 921
431 436
431 801
431 823
432 772
432 828
433 633
433 824
433 990
434 449
434 522
434 571
434 589
434 936
435 486
435 493
435 494
435 510
435 512
435 623
436 625
437 447
437 538
437 605
437 720
438 458
438 691
438 713
438 807
438 984
439 502
439 720
440 656
441 452
441 467
441 575
441 679
441 870
442 451
442 516
442 557
443 588
443 734
444 521
444 603
444 884
445 588
445 649
445 976
446 452
446 513
446 532
446 597
446 611
446 778
446 794
447 684
448 760
448 769
448 785
448 996
449 464
449 597
449 859
449 970
450 531
450 559
450 700
450 898
451 598
451 861
451 862
452 575
452 591
452 620
452 762
452 766
453 473
453 656
454 540
455 571
455 594
455 970
456 499
456 632
456 696
456 855
456 900
456 901
457 567
457 635
458 566
458 691
459 472
459 673
459 802
459 924
460 490
460 720
460 915
461 878
462 483
462 488
462 630
462 656
462 752
463 665
463 727
463 833
464 597
464 705
465 537
465 577
465 589
465 670
465 853
466 517
466 857
466 883
467 513
467 794
467 923
467 956
467 959
467 978
469 478
469 710
469 937
469 957
470 508
470 562
470 785
470 985
471 474
471 685
471 726
471 824
471 826
472 719
472 761
472 885
472 963
473 587
473 610
473 686
473 726
473 756
473 918
473 934
474 480
474 543
474 557
474 583
474 685
474 951
474 975
475 508
475 792
475 851
475 856
476 493
476 615
476 698
476 707
476 734
476 808
477 584
477 887
478 487
478 615
478 671
478 685
478 949
479 484
479 599
480 555
480 583
480 813
480 934
481 512
481 560
481 732
481 907
483 518
483 542
483 576
483 678
483 946
483 951
484 599
484 602
484 660
485 530
485 814
486 849
486 863
486 966
487 942
487 949
487 953
488 609
488 759
488 806
488 825
489 580
489 589
489 702
490 524
490 665
490 671
490 763
490 861
490 935
491 548
491 797
491 906
492 548
492 619
492 654
492 819
492 872
492 911
492 945
493 691
493 718
494 887
495 728
495 911
496 503
496 697
496 904
496 973
497 506
497 646
497 663
497 730
497 869
497 961
498 747
499 536
501 568
501 635
501 678
501 735
501 740
501 956
502 641
503 504
503 724
503 907
503 921
503 959
504 571
504 667
504 921
504 959
505 561
505 604
505 894
506 813
506 830
507 658
507 703
508 560
508 792
508 976
509 574
509 645
509 662
509 838
511 629
512 560
512 607
512 627
512 742
512 866
513 535
513 579
513 763
513 959
514 668
514 977
515 732
515 782
515 834
515 994
516 551
517 651
517 777
517 818
517 857
517 968
518 559
518 576
518 613
518 618
518 681
518 760
518 838
518 870
518 906
519 560
519 602
519 676
519 850
519 934
520 551
520 585
520 673
520 683
520 822
520 845
520 954
521 543
521 725
521 803
522 823
522 998
523 952
524 527
524 900
525 582
525 771
525 923
526 604
527 733
527 890
527 978
528 570
528 785
528 873
528 883
528 948
529 675
529 680
529 738
529 773
529 811
529 894
529 896
530 667
531 831
532 597
532 676
532 901
532 928
533 618
533 758
533 784
533 982
534 563
534 593
534 715
535 672
535 714
535 792
535 872
535 959
536 626
536 744
537 550
537 556
537 702
537 839
537 955
538 612
538 685
538 720
538 789
538 949
539 561
539 622
539 774
539 791
539 825
539 895
540 681
540 708
541 631
541 808
542 762
542 827
542 835
542 858
542 867
542 946
542 999
543 791
544 799
545 791
545 942
545 961
546 806
546 842
547 556
547 643
547 787
548 712
548 722
548 742
548 819
548 821
548 829
548 872
549 623
549 666
549 933
549 984
550 629
551 585
551 631
551 639
552 567
552 591
552 719
552 800
552 845
552 974
553 847
554 713
554 750
554 786
555 603
555 747
555 798
555 805
555 813
556 667
557 597
557 606
557 827
558 618
558 707
558 795
559 579
559 838
560 602
560 850
560 875
560 932
561 622
561 774
561 832
561 836
561 895
562 632
562 725
562 735
562 793
563 782
563 944
564 607
564 757
564 857
565 578
565 721
565 736
565 751
565 960
566 568
566 621
567 635
567 916
568 635
568 643
568 767
569 811
569 814
569 917
569 993
570 873
571 589
571 647
571 880
571 901
571 924
571 925
572 646
572 689
572 777
572 878
573 608
573 691
573 960
575 629
575 640
575 825
575 896
576 723
576 851
576 888
577 709
577 730
577 853
577 898
577 928
577 973
577 995
578 604
578 819
579 635
579 753
580 666
580 852
581 684
581 969
582 614
582 773
583 751
583 859
583 900
585 594
585 608
585 619
585 627
585 724
585 788
586 791
586 859
586 868
587 661
587 802
587 890
587 933
588 609
588 796
589 738
589 880
590 774
590 812
590 881
591 962
592 616
592 697
592 903
593 948
594 655
594 780
595 674
595 716
595 973
596 758
596 841
597 659
597 901
597 909
598 622
600 607
600 891
600 972
601 708
601 908
601 964
601 993
602 694
604 657
604 848
605 610
605 627
605 814
605 928
605 959
606 664
606 743
606 895
607 627
607 800
607 951
608 867
608 917
609 650
609 656
609 690
609 767
609 796
610 912
613 618
613 686
613 689
613 898
613 903
614 650
614 690
614 776
615 684
615 698
615 704
615 959
616 730
619 654
619 816
619 872
619 924
620 760
621 742
621 822
622 895
623 642
623 820
624 639
624 708
624 781
624 939
626 648
627 669
628 974
629 814
629 825
629 962
629 968
629 980
630 739
630 822
631 696
632 757
632 855
633 643
633 828
634 717
634 830
635 680
635 916
636 701
637 842
639 681
640 663
640 682
640 688
640 825
641 787
642 695
642 765
643 688
643 714
643 787
643 853
644 778
644 881
645 745
645 761
645 839
645 849
645 982
646 861
647 691
647 765
647 956
648 789
648 928
649 769
650 690
650 718
650 897
651 958
652 710
652 731
652 842
653 967
654 748
655 699
655 733
655 780
655 787
656 770
657 681
657 815
657 997
658 703
659 711
660 996
661 694
661 717
661 818
661 905
661 933
661 960
662 695
662 712
662 796
665 774
665 799
665 850
666 860
667 816
668 751
668 925
670 678
670 782
672 758
672 959
673 812
676 679
676 928
677 979
678 740
678 862
679 736
679 783
682 727
682 737
682 870
682 985
683 704
684 698
684 704
684 860
685 705
685 824
685 951
686 997
687 810
687 926
688 748
688 965
690 779
691 746
691 981
692 729
692 768
693 935
694 818
694 823
694 905
694 960
695 788
695 937
695 955
696 743
698 788
698 929
699 758
701 740
701 854
701 938
702 979
703 723
703 948
704 900
704 967
705 709
705 778
705 780
705 866
705 951
706 716
706 873
706 926
707 711
708 899
709 782
709 874
710 918
710 994
712 740
712 796
712 806
714 836
715 717
715 920
717 905
718 737
718 893
719 872
719 930
719 941
720 757
720 997
721 799
721 846
722 771
723 824
724 739
724 909
724 965
725 793
725 812
727 737
728 780
730 819
730 928
733 787
733 829
733 846
733 890
733 955
733 978
734 848
734 882
735 746
735 968
736 894
739 767
739 822
739 937
740 933
741 892
742 909
743 797
743 893
744 898
746 860
748 756
748 855
748 871
749 919
750 848
750 882
751 925
753 820
753 821
753 868
754 764
754 885
755 835
755 847
755 936
756 999
757 826
757 940
758 764
758 780
758 784
758 810
759 856
760 783
762 779
762 902
763 785
764 780
766 940
766 972
767 784
767 839
767 969
767 986
769 988
770 786
770 985
771 835
773 896
775 854
777 781
777 784
777 878
778 862
779 835
781 810
781 828
783 865
783 879
784 790
784 888
785 876
786 833
788 841
788 864
792 894
793 831
793 850
793 963
794 923
795 864
797 983
799 838
799 980
800 935
800 974
803 829
803 852
804 956
805 816
805 866
805 876
805 930
805 984
806 844
806 991
808 988
809 882
809 910
810 889
812 881
813 830
814 875
815 997
816 912
817 843
818 848
818 992
820 868
828 912
829 852
830 916
830 969
837 847
837 912
839 955
840 971
842 858
843 994
844 982
845 900
846 891
846 950
847 961
848 882
848 965
849 896
849 990
850 952
851 854
851 938
853 915
853 987
856 900
857 883
857 915
857 931
860 978
861 930
862 871
862 877
862 914
862 916
865 913
870 873
870 953
875 936
876 930
876 990
877 949
883 889
884 908
884 928
888 941
888 986
890 902
890 965
891 931
893 919
894 946
894 947
898 899
898 971
900 992
903 958
904 980
904 991
905 960
905 975
907 943
907 988
916 946
918 934
918 981
919 987
920 992
923 959
923 978
924 925
928 941
929 939
930 968
944 974
944 990
946 958
951 975
955 978
963 970
964 989
982 987
