0 1
0 2
0 3
0 4
0 5
0 6
0 7
0 8
0 10
0 19
0 20
0 23
0 24
0 25
0 27
0 28
0 29
0 30
0 37
0 38
0 42
0 46
0 48
0 53
0 55
0 62
0 63
0 68
0 69
0 71
0 74
0 75
0 76
0 78
0 81
0 94
0 98
0 100
0 105
0 110
0 121
0 124
0 129
0 136
0 137
0 138
0 141
0 146
0 149
0 152
0 153
0 157
0 162
0 179
0 187
0 192
0 198
0 207
0 208
0 209
0 217
0 258
0 261
0 271
0 286
0 294
0 295
0 300
0 313
0 329
0 330
0 335
0 354
0 368
0 375
0 382
0 391
0 393
0 396
0 434
0 443
0 445
0 486
0 501
0 506
0 525
0 535
0 548
0 553
0 593
0 594
0 596
0 600
0 619
0 647
0 665
0 671
0 695
0 700
0 712
0 726
0 729
0 737
0 738
0 751
0 756
0 780
0 788
0 830
0 854
0 860
0 871
0 880
0 915
0 994
1 2
1 3
1 4
1 6
1 10
1 12
1 13
1 15
1 17
1 19
1 20
1 25
1 27
1 31
1 46
1 47
1 53
1 54
1 67
1 75
1 89
1 104
1 110
1 123
1 134
1 136
1 137
1 148
1 149
1 177
1 178
1 183
1 194
1 208
1 232
1 245
1 251
1 294
1 313
1 324
1 329
1 333
1 338
1 354
1 360
1 368
1 375
1 376
1 398
1 416
1 433
1 434
1 445
1 452
1 459
1 467
1 537
1 553
1 596
1 601
1 663
1 664
1 707
1 718
1 726
1 729
1 751
1 780
1 818
1 854
1 891
1 970
2 3
2 5
2 6
2 7
2 8
2 9
2 10
2 11
2 13
2 17
2 20
2 21
2 23
2 25
2 35
2 42
2 43
2 52
2 53
2 54
2 56
2 57
2 74
2 75
2 81
2 94
2 111
2 112
2 117
2 136
2 137
2 141
2 198
2 208
2 234
2 254
2 288
2 294
2 312
2 317
2 354
2 355
2 396
2 403
2 406
2 420
2 459
2 476
2 501
2 510
2 528
2 529
2 537
2 553
2 596
2 598
2 651
2 663
2 665
2 693
2 695
2 726
2 751
2 763
2 781
2 818
2 854
2 859
2 880
2 915
2 970
2 994
2 996
3 4
3 5
3 7
3 9
3 10
3 13
3 14
3 18
3 27
3 42
3 43
3 44
3 50
3 53
3 56
3 81
3 91
3 94
3 131
3 132
3 136
3 158
3 162
3 214
3 254
3 272
3 313
3 373
3 430
3 471
3 537
3 553
3 617
3 649
3 651
3 695
3 705
3 763
3 880
3 934
4 6
4 7
4 9
4 13
4 25
4 53
4 66
4 104
4 107
4 114
4 128
4 131
4 149
4 153
4 199
4 259
4 281
4 282
4 330
4 349
4 406
4 421
4 528
4 539
4 553
4 567
4 596
4 654
4 675
4 776
4 884
4 891
5 6
5 14
5 22
5 26
5 32
5 42
5 43
5 58
5 61
5 64
5 65
5 71
5 81
5 89
5 104
5 105
5 117
5 120
5 136
5 174
5 199
5 203
5 214
5 270
5 311
5 366
5 407
5 497
5 501
5 504
5 537
5 553
5 591
5 616
5 665
5 683
5 695
5 877
5 937
5 942
6 8
6 9
6 10
6 12
6 13
6 14
6 25
6 28
6 33
6 42
6 58
6 61
6 63
6 65
6 66
6 71
6 90
6 95
6 109
6 119
6 128
6 136
6 160
6 194
6 226
6 285
6 333
6 361
6 372
6 407
6 422
6 442
6 464
6 501
6 514
6 537
6 539
6 553
6 589
6 694
6 738
6 767
6 891
7 15
7 23
7 31
7 35
7 37
7 38
7 40
7 42
7 46
7 70
7 93
7 110
7 111
7 124
7 125
7 127
7 136
7 137
7 164
7 191
7 193
7 244
7 318
7 335
7 377
7 423
7 447
7 520
7 559
7 596
7 616
7 644
7 673
7 711
7 749
7 880
7 905
8 9
8 10
8 11
8 15
8 23
8 27
8 30
8 33
8 35
8 45
8 56
8 60
8 75
8 89
8 95
8 110
8 122
8 123
8 136
8 137
8 139
8 178
8 217
8 223
8 226
8 234
8 248
8 276
8 280
8 283
8 293
8 294
8 338
8 368
8 391
8 403
8 425
8 431
8 450
8 486
8 519
8 553
8 596
8 621
8 691
8 707
8 710
8 738
8 756
8 777
8 855
9 10
9 11
9 12
9 13
9 16
9 17
9 18
9 23
9 27
9 29
9 30
9 31
9 41
9 48
9 49
9 53
9 59
9 61
9 72
9 77
9 90
9 98
9 113
9 122
9 133
9 137
9 156
9 166
9 182
9 192
9 200
9 201
9 204
9 210
9 231
9 283
9 289
9 333
9 346
9 361
9 375
9 394
9 401
9 452
9 477
9 484
9 486
9 501
9 553
9 621
9 753
9 756
9 866
9 868
9 885
9 916
9 994
10 11
10 13
10 14
10 18
10 19
10 21
10 22
10 23
10 35
10 54
10 67
10 74
10 78
10 84
10 90
10 124
10 125
10 178
10 182
10 184
10 188
10 198
10 253
10 255
10 276
10 338
10 344
10 391
10 700
10 777
10 814
10 916
11 12
11 13
11 14
11 17
11 18
11 19
11 22
11 23
11 24
11 26
11 27
11 52
11 54
11 56
11 58
11 66
11 75
11 104
11 120
11 122
11 124
11 177
11 204
11 226
11 246
11 257
11 261
11 276
11 283
11 291
11 295
11 386
11 409
11 425
11 446
11 510
11 580
11 693
11 736
11 746
11 846
11 906
11 916
11 924
12 13
12 14
12 16
12 18
12 27
12 31
12 41
12 48
12 88
12 90
12 122
12 135
12 177
12 179
12 194
12 204
12 225
12 273
12 285
12 337
12 378
12 429
12 494
12 693
12 866
12 879
12 907
12 921
12 923
13 18
13 21
13 46
13 47
13 54
13 60
13 139
13 157
13 194
13 204
13 281
13 282
13 300
13 314
13 373
13 396
13 421
13 426
13 649
13 679
13 790
13 843
14 17
14 18
14 21
14 22
14 24
14 27
14 28
14 53
14 54
14 74
14 117
14 122
14 137
14 174
14 224
14 273
14 282
14 285
14 358
14 424
14 442
14 451
14 605
14 682
14 693
14 844
14 847
14 915
14 936
15 16
15 19
15 20
15 27
15 29
15 33
15 36
15 37
15 38
15 44
15 59
15 89
15 110
15 122
15 123
15 124
15 128
15 134
15 135
15 153
15 160
15 178
15 217
15 227
15 280
15 283
15 288
15 363
15 375
15 403
15 459
15 486
15 616
15 633
15 666
15 693
15 707
15 878
15 905
15 971
16 17
16 18
16 21
16 30
16 33
16 41
16 48
16 77
16 90
16 98
16 117
16 122
16 123
16 128
16 131
16 156
16 204
16 248
16 366
16 503
16 506
16 547
16 647
16 693
16 738
16 777
16 785
16 820
16 823
16 825
16 835
17 21
17 23
17 25
17 27
17 32
17 38
17 48
17 58
17 68
17 75
17 117
17 122
17 194
17 272
17 322
17 333
17 357
17 440
17 628
17 696
17 732
17 833
17 942
18 20
18 21
18 23
18 24
18 36
18 39
18 41
18 47
18 51
18 54
18 56
18 72
18 74
18 81
18 87
18 110
18 146
18 190
18 217
18 253
18 279
18 295
18 305
18 314
18 337
18 371
18 381
18 394
18 414
18 428
18 455
18 525
18 557
18 624
18 671
18 749
18 785
18 837
18 854
18 868
18 885
18 920
18 962
19 29
19 32
19 40
19 41
19 77
19 78
19 79
19 92
19 94
19 97
19 110
19 124
19 127
19 185
19 212
19 375
19 486
19 555
19 573
19 633
19 765
19 776
19 883
20 23
20 25
20 27
20 78
20 83
20 108
20 178
20 231
20 247
20 457
20 459
20 529
20 609
20 655
20 794
20 878
20 996
21 24
21 34
21 39
21 43
21 55
21 58
21 61
21 62
21 71
21 74
21 91
21 141
21 164
21 184
21 188
21 210
21 217
21 224
21 273
21 300
21 333
21 366
21 422
21 476
21 511
21 540
21 639
21 657
21 680
21 693
21 716
21 724
21 777
21 811
21 865
22 23
22 39
22 70
22 85
22 138
22 182
22 193
22 217
22 244
22 297
22 338
22 384
22 808
22 941
22 949
23 26
23 27
23 38
23 54
23 67
23 97
23 104
23 153
23 231
23 378
23 411
23 419
23 432
23 501
23 530
23 558
23 693
23 794
23 810
23 818
23 825
23 854
24 26
24 36
24 37
24 49
24 66
24 78
24 80
24 84
24 97
24 288
24 335
24 693
24 804
24 864
25 28
25 45
25 147
25 240
25 296
25 333
25 359
25 442
25 459
25 468
25 495
25 528
25 553
25 560
25 675
25 677
25 733
25 781
25 960
26 36
26 37
26 54
26 77
26 104
26 115
26 116
26 124
26 126
26 160
26 204
26 214
26 252
26 272
26 357
26 468
26 501
26 505
26 562
26 680
26 693
26 736
26 827
26 846
26 894
26 937
27 29
27 30
27 35
27 36
27 42
27 43
27 48
27 59
27 60
27 69
27 79
27 85
27 106
27 107
27 110
27 121
27 134
27 153
27 168
27 177
27 200
27 235
27 283
27 303
27 350
27 364
27 368
27 401
27 411
27 504
27 555
27 613
27 715
27 776
27 787
27 871
27 879
27 942
28 32
28 42
28 45
28 84
28 133
28 155
28 235
28 244
28 254
28 280
28 296
28 394
28 395
28 419
28 459
28 463
28 664
28 684
28 950
28 977
29 33
29 34
29 35
29 41
29 52
29 55
29 73
29 78
29 110
29 122
29 124
29 217
29 315
29 357
29 374
29 422
29 486
29 521
29 555
29 589
29 744
29 776
30 33
30 45
30 48
30 60
30 72
30 92
30 98
30 120
30 122
30 137
30 146
30 149
30 171
30 194
30 283
30 328
30 356
30 368
30 426
30 434
30 553
30 564
30 647
30 679
30 712
30 719
30 733
30 738
30 870
30 908
30 922
30 960
31 35
31 38
31 44
31 46
31 59
31 61
31 118
31 123
31 169
31 180
31 218
31 240
31 349
31 416
31 427
31 447
31 570
31 616
31 721
31 755
31 866
31 879
32 34
32 42
32 50
32 57
32 98
32 165
32 180
32 217
32 269
32 406
32 541
32 682
32 768
32 785
32 788
32 805
33 34
33 42
33 72
33 92
33 123
33 128
33 149
33 150
33 203
33 213
33 234
33 248
33 265
33 283
33 314
33 383
33 390
33 466
33 486
33 539
33 543
33 589
33 824
33 827
34 40
34 56
34 72
34 217
34 263
34 497
34 526
34 785
34 960
34 990
35 51
35 62
35 68
35 76
35 86
35 108
35 115
35 124
35 125
35 248
35 253
35 284
35 375
35 596
35 687
35 802
35 841
35 875
36 48
36 59
36 63
36 69
36 76
36 86
36 89
36 124
36 174
36 177
36 188
36 197
36 222
36 240
36 376
36 387
36 474
36 505
36 640
36 966
37 40
37 43
37 49
37 57
37 67
37 69
37 111
37 142
37 167
37 236
37 244
37 327
37 378
37 384
37 415
37 472
37 573
37 967
38 41
38 46
38 50
38 53
38 103
38 104
38 126
38 152
38 160
38 176
38 192
38 201
38 204
38 332
38 361
38 399
38 413
38 442
38 621
38 756
38 835
38 874
38 880
39 86
39 95
39 138
39 179
39 187
39 188
39 217
39 284
39 366
39 483
39 509
39 552
39 657
39 777
39 808
39 922
40 42
40 44
40 167
40 229
40 244
40 307
40 317
40 382
40 497
40 562
40 616
40 673
41 56
41 57
41 83
41 96
41 140
41 146
41 151
41 160
41 211
41 251
41 255
41 291
41 312
41 330
41 361
41 363
41 406
41 486
41 494
41 612
41 624
41 651
41 822
41 835
41 880
42 43
42 47
42 49
42 50
42 54
42 64
42 80
42 93
42 117
42 144
42 171
42 194
42 225
42 266
42 270
42 294
42 311
42 314
42 396
42 521
42 722
42 726
42 840
42 878
42 907
43 61
43 65
43 88
43 95
43 97
43 136
43 155
43 188
43 244
43 245
43 248
43 422
43 658
43 691
44 50
44 73
44 116
44 135
44 234
44 279
44 314
44 376
44 562
44 616
44 651
44 683
45 68
45 75
45 95
45 100
45 149
45 167
45 212
45 217
45 231
45 235
45 351
45 359
45 368
45 434
45 438
45 523
45 586
46 51
46 67
46 80
46 100
46 105
46 121
46 153
46 236
46 261
46 281
46 369
46 372
46 378
46 424
46 577
46 715
46 918
46 924
47 49
47 115
47 127
47 163
47 182
47 195
47 223
47 234
47 258
47 294
47 305
47 308
47 314
47 343
47 349
47 364
47 365
47 398
47 471
47 729
47 784
47 843
47 863
47 927
47 990
48 75
48 82
48 117
48 150
48 164
48 166
48 172
48 173
48 180
48 258
48 273
48 440
48 506
48 540
48 659
48 660
48 889
48 936
49 51
49 52
49 57
49 60
49 80
49 105
49 122
49 143
49 148
49 170
49 177
49 194
49 236
49 239
49 274
49 299
49 367
49 437
49 448
49 481
49 564
49 607
49 663
49 734
49 743
49 808
49 845
49 864
49 913
50 56
50 64
50 74
50 103
50 114
50 126
50 175
50 181
50 192
50 215
50 235
50 266
50 273
50 301
50 471
50 589
50 621
50 638
50 651
50 904
51 62
51 72
51 99
51 101
51 113
51 122
51 171
51 209
51 236
51 253
51 254
51 264
51 336
51 392
51 434
51 485
51 595
51 596
51 618
51 637
51 669
51 731
51 973
52 54
52 70
52 74
52 105
52 122
52 175
52 315
52 326
52 459
52 474
52 529
52 530
52 751
52 822
52 983
52 986
53 54
53 70
53 77
53 189
53 193
53 228
53 297
53 434
53 561
53 660
53 671
53 693
53 843
53 847
53 874
53 876
54 60
54 74
54 82
54 99
54 101
54 104
54 109
54 139
54 148
54 177
54 199
54 235
54 270
54 311
54 321
54 346
54 396
54 434
54 473
54 501
54 513
54 566
54 569
54 679
54 693
54 718
54 756
54 777
54 847
54 862
54 883
55 87
55 109
55 110
55 133
55 134
55 141
55 146
55 152
55 184
55 189
55 203
55 224
55 290
55 300
55 360
55 422
55 728
55 790
55 912
55 954
56 63
56 83
56 140
56 143
56 202
56 218
56 266
56 274
56 433
56 437
56 549
56 583
56 651
56 870
57 64
57 118
57 140
57 159
57 194
57 205
57 241
57 312
57 339
57 431
57 620
57 654
57 686
57 726
57 743
57 746
57 902
58 62
58 63
58 94
58 98
58 103
58 158
58 241
58 258
58 422
58 431
58 464
58 678
58 772
58 924
59 113
59 124
59 172
59 180
59 201
59 474
59 621
59 640
59 711
59 724
59 807
59 852
59 879
59 898
60 69
60 71
60 73
60 76
60 79
60 96
60 102
60 113
60 121
60 194
60 226
60 286
60 311
60 313
60 335
60 339
60 368
60 434
60 467
60 490
60 533
60 564
60 640
60 663
60 669
60 679
60 728
60 746
60 815
60 845
60 855
60 908
61 64
61 91
61 107
61 136
61 139
61 153
61 162
61 187
61 227
61 245
61 292
61 363
61 364
61 366
61 420
61 439
61 456
61 484
61 614
61 616
61 653
61 665
61 688
61 715
61 891
62 87
62 100
62 103
62 135
62 313
62 383
62 422
62 434
62 439
62 652
63 65
63 129
63 154
63 192
63 301
63 410
63 428
63 449
63 737
63 764
63 857
63 898
63 899
63 935
64 141
64 161
64 168
64 171
64 178
64 220
64 241
64 266
64 267
64 270
64 355
64 370
64 445
64 504
64 613
64 641
64 665
64 726
64 889
65 88
65 90
65 117
65 129
65 143
65 148
65 157
65 160
65 192
65 204
65 219
65 239
65 407
65 422
65 427
65 492
65 497
65 600
65 683
65 938
65 998
66 106
66 112
66 128
66 173
66 183
66 207
66 607
66 621
66 631
66 665
66 785
66 794
66 830
66 961
67 132
67 142
67 232
67 261
67 276
67 378
67 384
67 387
67 409
67 491
67 579
67 587
67 932
68 120
68 150
68 165
68 245
68 246
68 773
69 79
69 81
69 94
69 110
69 136
69 185
69 203
69 216
69 223
69 224
69 284
69 294
69 298
69 375
69 381
69 443
69 495
69 510
69 667
69 727
69 737
69 747
69 764
69 821
69 945
70 73
70 82
70 99
70 175
70 184
70 193
70 212
70 228
70 272
70 297
70 479
70 650
70 750
70 843
71 89
71 127
71 186
71 195
71 259
71 265
71 327
71 418
71 565
71 635
71 702
71 788
72 75
72 173
72 254
72 321
72 461
72 649
72 893
72 909
73 88
73 106
73 310
73 342
73 369
73 492
73 565
73 634
73 855
74 99
74 141
74 176
74 209
74 266
74 290
74 339
74 410
74 481
74 925
74 989
75 86
75 96
75 129
75 142
75 173
75 183
75 211
75 252
75 256
75 276
75 303
75 313
75 315
75 316
75 350
75 353
75 368
75 484
75 540
75 548
75 594
75 626
75 838
75 854
75 859
75 974
76 86
76 91
76 116
76 124
76 159
76 268
76 454
76 458
76 468
76 484
76 636
76 688
76 700
76 939
77 152
77 160
77 204
77 206
77 220
77 323
77 399
77 604
77 606
77 797
77 988
78 80
78 85
78 109
78 122
78 144
78 145
78 178
78 194
78 207
78 247
78 275
78 335
78 351
78 503
78 535
78 580
78 605
78 615
78 906
78 912
79 94
79 108
79 114
79 149
79 168
79 226
79 257
79 364
79 403
79 404
79 499
79 504
79 588
79 807
79 908
79 945
80 82
80 93
80 102
80 104
80 124
80 144
80 187
80 194
80 245
80 246
80 553
80 611
80 743
80 748
80 756
80 787
80 894
80 977
81 84
81 85
81 103
81 129
81 130
81 131
81 142
81 161
81 168
81 207
81 215
81 267
81 275
81 312
81 321
81 389
81 458
81 468
81 504
81 586
81 617
81 667
81 955
81 979
82 83
82 125
82 172
82 180
82 184
82 194
82 199
82 206
82 222
82 346
82 427
82 443
82 444
82 463
82 538
82 582
82 627
82 756
82 777
82 878
83 87
83 102
83 125
83 140
83 143
83 172
83 186
83 213
83 298
83 341
83 371
83 372
83 422
83 486
83 533
83 537
83 583
83 651
83 659
83 835
83 861
84 85
84 118
84 123
84 223
84 236
84 258
84 267
84 368
84 436
84 466
84 498
84 597
84 834
85 93
85 125
85 162
85 169
85 197
85 219
85 236
85 336
85 342
85 364
85 562
85 596
85 711
85 765
85 853
85 897
85 915
85 963
86 89
86 111
86 133
86 188
86 197
86 229
86 304
86 315
86 436
86 511
86 532
86 782
86 829
86 837
86 838
87 100
87 110
87 119
87 125
87 170
87 172
87 190
87 271
87 278
87 371
87 372
87 380
87 422
87 427
87 512
87 595
87 624
87 671
87 711
87 735
87 826
87 918
87 954
87 995
88 90
88 126
88 144
88 170
88 194
88 208
88 229
88 244
88 250
88 362
88 378
88 391
88 513
88 612
88 686
88 725
88 775
88 780
89 118
89 124
89 131
89 145
89 186
89 302
89 308
89 365
89 474
89 493
89 549
89 695
89 763
90 92
90 112
90 114
90 149
90 156
90 184
90 208
90 257
90 289
90 301
90 378
90 433
90 506
90 547
90 551
90 628
90 670
90 945
90 999
91 101
91 110
91 162
91 233
91 271
91 454
91 469
91 480
91 484
91 490
91 552
91 716
91 845
91 998
92 93
92 98
92 149
92 153
92 190
92 193
92 369
92 405
92 533
92 749
92 813
93 96
93 98
93 99
93 117
93 202
93 240
93 248
93 271
93 309
93 313
93 357
93 439
93 654
93 813
93 830
93 882
94 110
94 121
94 136
94 213
94 258
94 281
94 316
94 355
94 387
94 390
94 403
94 554
94 562
94 606
94 675
94 743
94 957
95 104
95 138
95 154
95 179
95 181
95 217
95 318
95 358
95 473
95 520
95 849
96 99
96 106
96 195
96 196
96 228
96 243
96 301
96 303
96 309
96 313
96 334
96 350
96 399
96 409
96 478
96 513
96 514
96 661
96 669
96 733
96 735
96 797
96 863
96 897
96 991
97 98
97 101
97 102
97 108
97 112
97 115
97 147
97 169
97 176
97 222
97 225
97 289
97 333
97 421
97 505
97 543
97 778
97 802
97 982
98 283
98 292
98 312
98 325
98 341
98 434
98 487
98 730
98 744
99 235
99 253
99 357
99 482
99 678
100 147
100 210
100 226
100 237
100 263
100 328
100 351
100 414
100 434
100 473
100 494
100 551
100 667
100 757
100 918
101 124
101 140
101 163
101 393
101 417
101 454
101 480
101 484
101 486
101 778
101 845
102 123
102 130
102 140
102 175
102 225
102 286
102 289
102 368
102 435
102 467
102 522
102 533
102 956
102 957
103 143
103 148
103 154
103 163
103 228
103 241
103 277
103 332
103 605
103 611
103 701
103 734
104 214
104 215
104 311
104 451
104 473
104 647
104 781
104 789
104 818
104 845
105 107
105 132
105 138
105 156
105 162
105 169
105 245
105 253
105 278
105 281
105 306
105 347
105 456
105 494
106 112
106 173
106 216
106 297
106 331
106 408
106 478
106 881
107 136
107 153
107 158
107 159
107 163
107 245
107 259
107 292
107 334
107 364
107 396
107 407
107 448
107 512
107 566
107 758
107 921
108 147
108 203
108 531
108 637
108 656
108 675
108 802
108 926
108 995
109 119
109 186
109 235
109 284
109 296
109 556
109 576
109 745
109 767
109 834
109 851
109 923
109 947
109 987
110 193
110 203
110 308
110 381
110 453
110 459
110 476
110 521
110 546
110 581
110 750
110 815
110 819
111 116
111 119
111 140
111 152
111 177
111 379
111 410
111 539
111 559
112 166
112 173
112 232
112 238
112 268
112 287
112 310
112 340
112 363
112 378
112 398
112 417
112 450
112 453
112 527
112 582
112 821
112 864
113 146
113 260
113 266
113 281
113 374
113 477
113 640
113 728
113 729
113 825
113 886
114 149
114 179
114 229
114 301
114 369
114 616
114 740
114 855
114 954
115 233
115 269
115 305
115 365
115 455
115 542
115 575
115 680
115 894
115 919
115 993
116 130
116 145
116 157
116 173
116 228
116 293
116 343
116 410
116 497
116 538
116 554
116 626
117 150
117 689
117 720
117 813
117 911
118 126
118 138
118 217
118 267
118 326
118 493
118 586
119 171
119 218
119 284
119 476
119 497
119 721
119 806
119 820
120 122
120 130
120 230
120 268
120 270
120 333
120 368
120 418
120 497
120 591
120 881
121 153
121 164
121 173
121 197
121 226
121 286
121 374
121 387
121 411
121 452
121 457
121 490
121 626
121 640
121 710
122 142
122 144
122 161
122 162
122 181
122 194
122 238
122 255
122 270
122 273
122 320
122 392
122 529
122 588
122 629
122 766
122 789
122 915
122 965
123 130
123 131
123 134
123 145
123 156
123 195
123 199
123 208
123 223
123 258
123 288
123 368
123 402
123 438
123 445
123 464
123 482
123 790
123 877
124 125
124 140
124 158
124 175
124 277
124 337
124 359
124 430
124 515
124 573
124 694
125 127
125 158
125 172
125 196
125 278
125 298
125 303
125 320
125 337
125 548
125 694
125 711
125 777
126 144
126 149
126 165
126 200
126 267
126 273
126 352
126 386
126 471
126 544
126 710
126 818
127 132
127 239
127 306
127 318
127 336
127 397
127 415
127 548
127 637
127 675
127 696
128 150
128 218
128 240
128 341
128 367
128 466
128 971
129 131
129 221
129 274
129 328
129 514
129 600
129 637
129 671
129 901
129 998
130 142
130 149
130 156
130 225
130 286
130 318
130 321
130 343
130 547
130 582
130 736
130 797
130 824
131 205
131 365
131 366
131 377
131 599
131 617
131 646
131 877
131 942
132 488
132 546
132 601
132 710
132 862
133 134
133 280
133 283
133 366
133 399
133 415
133 419
133 500
133 501
133 643
133 672
133 790
133 801
133 845
133 985
134 177
134 211
134 280
134 293
134 352
134 399
134 717
134 861
134 905
134 955
134 964
135 137
135 213
135 227
135 250
135 288
135 351
135 356
135 389
135 403
135 429
135 488
135 905
135 970
136 141
136 190
136 230
136 245
136 249
136 375
136 387
136 525
136 548
136 562
136 691
136 707
136 759
136 804
137 151
137 160
137 178
137 206
137 227
137 283
137 363
137 370
137 406
137 424
137 452
137 558
137 628
137 673
137 749
137 804
137 834
137 868
137 908
138 159
138 187
138 210
138 215
138 297
138 345
138 409
138 619
138 756
138 941
139 166
139 194
139 233
139 373
139 426
139 584
139 667
139 711
139 848
139 984
140 151
140 175
140 183
140 225
140 377
140 396
140 417
140 445
140 559
140 653
140 746
140 964
141 154
141 209
141 262
141 285
141 340
141 443
141 682
141 765
141 915
142 151
142 198
142 204
142 236
142 348
142 460
142 535
142 573
142 578
142 970
143 161
143 170
143 174
143 186
143 372
143 380
143 450
143 533
143 607
143 663
143 758
143 839
143 851
143 870
144 208
144 220
144 260
144 325
144 380
144 473
144 647
144 650
144 862
144 922
144 996
145 155
145 157
145 165
145 291
145 327
145 404
145 516
145 580
145 583
145 950
146 152
146 185
146 187
146 191
146 239
146 249
146 251
146 295
146 304
146 419
146 708
146 728
146 733
146 951
147 182
147 191
147 198
147 203
147 226
147 230
147 319
147 397
147 442
147 478
147 675
148 197
148 227
148 239
148 283
148 294
148 311
148 366
148 375
148 440
148 532
148 662
148 664
148 701
148 707
148 877
149 199
149 214
149 225
149 256
149 265
149 272
149 327
149 379
149 388
149 405
149 498
149 534
149 556
149 567
149 613
149 870
149 883
149 937
149 942
150 223
150 234
150 252
150 258
150 356
150 753
150 773
150 813
151 160
151 254
151 286
151 307
151 348
151 363
151 406
151 453
151 479
151 550
151 801
151 984
152 305
152 377
152 388
152 479
152 570
152 632
152 734
152 792
152 874
153 190
153 208
153 235
153 437
153 677
153 694
153 715
153 741
153 800
153 938
154 404
154 441
154 490
154 676
155 176
155 180
155 196
155 255
155 302
155 346
155 413
155 474
155 484
155 684
155 761
155 895
156 189
156 239
156 242
156 264
156 288
156 322
156 403
156 415
156 431
156 475
156 547
156 591
156 609
156 817
156 832
157 310
157 355
157 373
157 413
157 497
157 600
157 741
157 767
157 790
157 869
158 159
158 181
158 221
158 313
158 430
158 698
158 934
158 958
159 178
159 187
159 192
159 205
159 293
159 497
159 654
159 722
159 726
160 176
160 204
160 390
160 407
160 424
160 489
160 495
160 514
160 558
160 630
161 262
161 264
161 458
161 800
162 233
162 251
162 260
162 490
162 639
162 640
162 642
163 167
163 228
163 292
163 393
163 448
163 522
163 566
163 635
163 718
163 814
163 904
164 166
164 173
164 273
164 540
164 718
164 726
164 735
164 839
164 880
165 303
165 670
165 838
165 879
165 925
166 173
166 310
166 369
166 489
166 698
166 815
167 312
167 315
167 472
168 170
168 215
168 256
168 279
168 322
168 370
168 436
168 441
168 499
168 504
168 516
168 536
168 636
168 807
168 910
168 986
169 321
169 421
169 561
169 866
169 907
170 189
170 202
170 206
170 211
170 224
170 231
170 274
170 275
170 278
170 439
170 481
170 643
170 773
170 899
171 219
171 220
171 244
171 296
171 308
171 336
171 471
171 564
171 572
171 642
171 650
171 696
171 702
171 870
172 209
172 316
172 482
172 646
172 709
172 711
172 716
172 859
173 196
173 221
173 286
173 369
173 547
173 626
173 718
173 728
173 763
173 785
173 892
173 904
173 965
174 224
174 412
174 758
174 899
175 191
175 225
175 272
175 328
175 340
175 428
175 471
175 570
176 185
176 196
176 261
176 289
176 332
176 346
176 361
176 429
176 495
176 526
177 241
177 309
177 438
177 463
177 467
177 505
177 563
177 608
177 787
178 186
178 219
178 220
178 231
178 246
178 247
178 280
178 293
178 370
178 407
178 617
178 712
178 726
178 755
178 771
178 996
178 998
179 207
179 222
179 225
179 505
179 550
179 855
179 954
179 994
180 236
180 302
180 461
180 474
180 475
180 527
180 695
180 755
181 188
181 362
181 698
182 193
182 220
182 247
182 263
182 451
182 509
182 675
182 687
182 779
182 814
182 823
182 990
182 996
183 249
183 276
183 324
183 379
183 417
183 666
184 216
184 260
184 639
184 660
184 791
184 843
184 867
185 191
185 201
185 208
185 230
185 304
185 332
185 345
185 354
185 375
185 419
185 435
185 685
185 989
185 998
186 193
186 237
186 287
186 290
186 332
186 372
186 380
186 381
186 454
186 767
186 775
186 851
186 901
187 201
187 205
187 318
187 360
187 374
187 809
187 812
188 234
188 362
188 422
188 487
188 511
188 567
188 571
188 700
188 782
189 205
189 224
189 257
189 403
189 849
190 193
190 237
190 298
190 299
190 394
190 496
190 516
190 655
190 677
190 785
190 849
190 898
190 995
191 198
191 236
191 238
191 253
191 298
191 793
191 833
192 249
192 252
192 279
192 410
192 440
192 497
192 549
192 557
192 621
192 962
192 973
193 293
193 307
193 348
193 381
193 394
193 493
193 588
193 673
193 684
193 756
193 937
194 199
194 245
194 333
194 421
194 543
194 645
194 667
194 686
194 699
194 949
195 196
195 223
195 242
195 304
195 313
195 327
195 345
195 398
195 402
195 565
195 634
195 797
195 887
196 292
196 303
196 309
196 372
196 390
196 402
196 495
196 714
196 761
196 887
196 889
196 978
197 219
197 221
197 222
197 262
197 340
197 387
197 418
197 444
197 450
197 475
197 511
197 532
197 570
197 572
197 618
197 782
197 800
197 918
198 226
198 230
198 236
198 258
198 295
198 373
198 375
198 461
198 510
198 580
198 593
198 706
198 820
198 956
198 970
199 212
199 309
199 409
199 515
199 567
199 686
200 250
200 256
200 289
200 329
200 338
200 345
200 401
200 531
200 753
200 830
200 842
200 868
200 892
201 375
201 384
201 442
201 475
201 692
201 963
201 989
202 224
202 467
202 622
202 693
202 777
202 853
202 882
203 230
203 317
203 319
203 375
203 389
203 521
203 607
203 920
204 262
204 292
204 556
204 608
204 674
204 980
205 274
205 335
205 365
205 374
205 403
205 437
205 485
205 491
205 615
205 674
205 686
205 722
205 925
206 216
206 334
206 346
206 371
206 492
206 505
206 544
206 644
206 798
206 908
206 988
207 394
207 400
207 645
207 776
207 796
207 830
208 223
208 232
208 257
208 258
208 264
208 441
209 238
209 272
209 316
209 329
209 344
209 496
209 786
209 835
209 915
210 300
210 363
210 581
210 608
210 669
210 724
210 761
210 898
211 231
211 252
211 350
211 412
211 430
211 510
211 758
211 899
212 304
212 351
212 368
212 398
212 590
212 633
213 361
213 390
213 419
213 549
213 558
213 671
213 712
213 970
214 243
214 272
214 367
214 425
214 451
214 473
214 479
214 517
214 645
214 779
214 937
214 942
214 991
215 461
215 764
215 940
216 300
216 346
216 477
216 544
216 602
216 699
216 798
217 269
217 283
217 383
217 469
217 526
217 617
218 240
218 295
218 341
218 403
218 509
218 755
219 243
219 259
219 308
219 309
219 325
219 326
219 342
219 427
219 446
219 496
219 562
219 566
219 600
219 741
219 797
219 813
219 887
220 233
220 276
220 325
220 333
220 371
220 544
220 545
220 700
221 344
221 387
221 430
221 434
221 479
221 530
221 716
221 883
222 250
222 262
222 295
222 421
222 437
222 463
222 505
222 531
222 585
222 697
222 800
223 258
223 592
223 709
223 801
223 997
224 275
224 290
224 347
224 355
224 728
224 757
224 882
224 899
225 356
225 435
225 555
225 635
225 778
225 994
226 261
226 282
226 352
226 386
226 411
226 424
226 457
226 603
226 710
226 746
227 283
227 342
227 363
227 366
227 545
227 636
227 707
227 750
227 905
228 242
228 287
228 311
228 332
228 560
228 580
229 244
229 299
229 398
229 502
229 537
229 543
229 971
230 237
230 324
230 375
230 376
230 379
230 397
230 575
230 661
230 685
230 718
231 242
231 330
231 487
231 634
231 655
231 781
231 926
231 969
232 276
232 491
232 560
233 276
233 538
233 639
233 669
233 871
234 252
234 294
234 296
234 521
234 621
234 652
234 911
235 351
235 371
235 442
235 582
235 595
235 615
235 639
236 305
236 324
236 378
236 602
236 677
236 753
237 298
237 319
237 408
237 496
237 571
237 716
237 742
238 268
238 331
238 351
238 398
238 433
238 464
238 674
238 703
238 994
239 418
239 513
239 532
239 782
239 793
239 917
240 320
240 341
240 362
240 600
240 619
240 768
240 928
241 362
241 588
241 625
241 662
241 758
241 769
241 976
242 389
242 397
242 524
242 547
242 609
242 634
243 259
243 517
243 534
243 669
243 757
243 797
243 991
244 392
244 445
245 277
245 294
245 300
245 332
245 414
245 457
245 646
245 742
245 928
246 520
246 804
247 265
247 293
247 849
247 861
247 996
248 316
248 405
248 447
248 565
248 567
248 654
248 890
248 936
249 323
249 430
249 694
249 759
249 865
249 951
250 267
250 351
250 530
250 585
250 805
250 946
251 360
251 424
251 458
251 675
251 894
251 917
251 974
252 270
252 293
252 299
252 353
252 425
252 521
252 533
252 540
252 670
253 301
253 329
253 468
253 688
253 837
253 979
254 336
254 367
254 425
254 460
254 649
254 730
254 747
255 263
255 306
255 401
255 981
256 291
256 327
256 508
256 760
256 762
256 805
257 269
257 441
257 521
257 632
257 705
257 847
258 360
258 436
258 461
258 512
258 628
258 762
258 801
258 889
258 900
259 365
259 511
259 566
259 573
259 610
259 669
259 791
260 496
260 508
260 639
260 640
260 867
261 294
261 352
261 370
261 384
261 426
261 603
261 623
261 746
262 289
262 421
262 517
262 751
262 759
262 800
263 306
263 380
263 523
263 568
263 644
263 675
263 752
263 976
264 467
264 568
265 692
265 702
265 736
265 786
265 896
266 268
266 412
266 471
266 563
266 758
266 886
266 937
267 352
267 395
267 405
267 507
267 544
267 680
267 703
267 731
267 779
267 817
268 398
268 417
268 433
268 458
268 721
268 760
268 774
269 277
269 319
269 406
269 491
269 578
269 620
270 280
270 310
270 311
270 392
270 497
270 506
270 568
270 661
270 670
270 758
271 512
271 625
271 671
271 774
271 941
272 278
272 325
272 353
272 479
272 537
272 634
272 640
272 942
273 307
273 449
273 471
273 660
273 729
273 831
273 865
274 368
274 437
274 549
274 728
275 727
275 846
276 286
276 338
276 529
276 560
276 903
277 300
277 332
277 414
277 836
277 974
278 326
278 422
278 611
278 874
279 423
279 525
279 532
279 556
279 557
279 919
279 980
280 285
280 293
280 405
280 457
280 472
280 544
280 704
280 720
281 387
281 403
281 413
281 453
282 385
282 424
282 469
282 524
282 704
283 287
283 388
283 399
283 569
283 723
283 957
284 285
284 375
284 767
284 949
285 303
285 344
285 434
285 442
285 571
285 682
285 799
285 811
285 850
285 996
286 318
286 365
286 408
286 520
286 788
286 904
286 999
287 300
287 311
287 331
287 388
287 398
287 408
287 522
287 844
287 901
287 986
288 402
288 449
288 455
288 552
288 790
288 960
289 329
289 477
289 572
289 725
289 799
290 364
290 454
290 585
290 696
290 805
290 850
290 882
291 323
291 327
291 378
291 486
291 580
291 612
292 350
292 402
292 594
292 841
292 991
293 381
293 918
294 353
294 426
294 658
294 820
295 306
295 353
295 494
295 548
295 890
296 297
296 393
296 397
296 452
297 438
297 725
297 778
297 850
297 941
298 302
298 347
298 537
298 548
298 896
299 323
299 353
299 359
299 554
299 808
300 311
300 359
300 469
300 547
300 631
300 974
301 447
301 539
301 764
301 797
301 967
301 999
302 334
302 337
302 474
302 498
302 527
302 574
302 587
302 590
302 686
302 748
302 758
303 305
303 518
303 548
303 603
303 668
303 802
303 857
303 991
304 337
304 354
304 368
304 511
304 524
304 526
304 528
304 695
305 385
305 400
305 455
305 523
305 601
305 602
305 603
305 632
305 680
305 746
305 824
305 979
306 324
306 426
306 480
306 648
306 664
306 766
307 322
307 330
307 435
308 320
308 342
308 347
308 456
308 463
308 471
308 550
308 725
308 863
308 896
308 901
308 927
309 343
309 349
309 409
309 481
309 662
309 785
309 811
309 952
310 355
310 369
310 392
310 420
310 592
310 665
310 815
310 829
310 864
311 317
311 631
311 670
311 787
311 844
311 845
311 877
312 722
312 759
313 314
313 338
313 368
313 428
313 565
313 593
314 329
314 404
314 417
314 443
314 521
314 602
314 744
314 774
314 837
315 357
315 648
315 847
316 331
316 373
316 646
317 327
317 387
317 406
317 714
317 770
318 395
318 415
318 446
318 482
318 508
318 520
318 812
318 928
319 339
319 354
319 726
321 421
321 934
321 959
322 517
322 910
323 464
323 538
323 634
323 694
323 783
323 797
323 972
324 343
324 379
324 577
324 602
324 802
325 392
325 595
325 744
326 541
326 562
326 576
326 741
327 358
327 378
327 388
327 462
327 489
327 516
327 982
328 351
328 557
328 690
328 697
329 443
329 686
329 765
329 892
330 417
330 699
331 346
331 408
331 502
331 667
331 802
331 994
332 500
332 652
332 780
332 935
333 434
333 444
333 564
333 602
333 680
333 784
334 412
334 511
334 551
334 758
335 363
335 615
335 668
336 425
336 458
336 468
336 493
336 596
336 637
336 675
336 696
336 808
337 423
337 535
337 557
337 573
337 749
337 979
338 354
338 368
338 391
338 400
338 591
338 609
338 636
338 838
339 564
339 604
339 726
339 925
339 956
340 417
340 465
340 466
340 570
340 573
341 411
341 590
341 594
341 632
341 841
342 366
342 636
342 730
342 888
343 386
343 566
343 577
343 582
343 710
343 740
343 889
344 430
344 434
344 518
344 609
344 886
345 401
345 507
345 703
345 767
345 868
345 885
345 887
345 998
346 382
346 717
346 742
346 777
346 994
347 380
347 384
347 411
347 455
347 534
347 698
347 757
347 896
348 429
348 462
348 479
348 512
348 573
348 751
348 831
348 902
349 391
349 395
349 409
349 420
349 662
349 785
349 886
349 943
349 952
350 383
350 594
351 371
351 483
351 633
351 747
351 812
351 885
351 891
352 619
352 919
353 392
353 425
353 430
353 432
353 540
353 577
353 657
353 771
353 816
353 974
354 368
354 385
354 435
354 587
354 710
355 382
355 385
355 414
355 420
355 477
355 665
356 358
356 435
356 500
356 635
356 649
356 676
356 793
356 970
357 584
357 692
357 732
357 978
358 435
358 680
358 957
359 435
359 711
360 461
361 470
361 618
361 694
362 440
362 587
362 658
362 704
362 738
362 782
363 398
363 488
363 522
363 714
363 754
363 821
363 910
364 505
364 639
364 858
364 871
365 366
365 511
365 536
365 680
365 681
365 784
365 904
366 388
366 399
366 455
366 484
366 557
366 781
366 784
366 808
366 871
367 425
367 432
367 485
367 747
367 945
367 971
367 974
368 435
368 438
368 527
368 587
369 370
369 416
369 571
369 606
369 895
370 451
370 504
370 551
370 628
371 372
371 425
371 519
371 601
371 851
372 380
372 483
372 489
372 519
372 537
372 545
372 714
372 721
372 851
372 870
372 983
373 646
373 685
373 895
374 421
374 429
374 476
374 591
374 829
374 842
374 993
375 416
375 420
375 442
375 525
375 532
375 555
375 675
375 827
375 884
375 911
376 605
377 723
378 449
378 610
378 661
378 907
379 438
379 506
379 563
379 727
379 895
380 381
380 567
380 627
380 656
380 701
380 877
380 987
381 422
381 460
381 567
381 627
381 914
382 452
382 632
382 708
383 400
383 465
383 504
383 589
384 442
384 454
384 462
384 528
384 587
385 424
385 523
385 665
385 680
385 710
385 772
385 784
385 854
385 872
385 979
386 536
386 581
386 637
386 651
386 710
386 864
386 906
387 402
387 672
387 739
387 821
387 860
387 899
388 971
388 986
389 403
389 609
389 634
389 764
389 960
390 502
390 714
390 794
390 853
391 594
391 620
391 813
391 953
392 630
392 893
393 579
394 441
394 756
394 975
395 409
395 465
395 735
395 970
397 452
397 465
397 550
397 701
397 744
397 760
397 798
397 807
397 846
398 470
398 504
398 527
398 552
398 614
398 656
398 724
398 729
398 786
399 423
399 444
399 455
399 525
399 541
399 619
399 857
400 455
400 465
400 514
400 598
400 603
400 807
400 901
401 408
401 559
401 753
401 856
401 887
402 672
403 404
403 542
403 657
403 766
403 908
404 460
404 466
404 516
404 615
404 685
404 816
404 851
404 918
405 541
405 544
405 546
405 599
405 613
405 638
405 743
405 992
406 598
406 682
407 478
407 515
407 683
408 592
408 631
408 795
408 856
408 961
408 964
409 456
409 472
409 481
409 537
409 735
409 747
410 526
410 681
410 764
410 784
410 988
410 989
411 542
411 570
411 574
411 673
411 728
412 511
412 617
412 752
412 758
412 814
412 833
412 893
412 899
413 499
413 503
413 574
413 767
413 980
414 434
414 448
414 508
415 446
415 500
415 735
417 446
417 520
417 745
417 751
417 814
417 946
417 999
418 475
418 693
418 952
420 559
421 543
421 561
421 597
422 567
422 596
422 613
422 652
423 525
423 553
423 769
423 873
424 432
424 519
424 603
424 974
424 975
425 606
425 633
425 730
425 944
426 761
426 966
427 515
427 891
427 906
428 487
428 604
428 935
429 591
429 929
430 672
430 759
430 950
431 492
431 499
431 589
431 743
431 982
432 485
432 535
432 583
432 629
432 650
432 684
432 974
433 576
433 704
433 714
433 773
434 523
434 737
434 779
434 875
435 590
435 662
435 665
435 769
436 498
437 463
437 549
437 754
437 864
437 879
437 902
438 445
438 505
438 506
438 563
438 587
439 856
440 477
440 575
440 943
442 592
442 675
442 786
443 581
443 668
443 690
443 772
443 899
444 580
444 715
444 730
445 506
445 534
445 926
446 482
446 584
446 641
446 668
447 614
447 810
447 999
448 480
448 862
449 493
449 517
449 701
449 944
450 491
450 518
450 629
450 702
450 918
451 462
451 479
451 504
451 779
451 945
452 623
452 628
452 638
452 885
452 922
453 519
453 559
453 597
453 641
453 687
453 819
454 474
454 700
454 939
455 531
455 575
455 742
455 869
455 978
456 540
456 593
456 735
457 569
458 468
458 675
459 528
459 546
459 727
459 749
459 787
459 938
460 603
460 610
460 798
460 912
461 649
461 815
462 470
462 479
462 495
462 641
462 902
462 942
463 531
463 585
463 690
463 997
464 593
465 472
465 483
465 555
466 642
466 690
466 718
466 734
466 918
467 709
467 853
468 553
468 615
468 653
468 851
469 518
469 598
469 599
469 699
469 704
469 810
470 478
470 666
470 736
471 480
471 678
471 697
471 715
471 946
472 544
473 647
473 888
474 579
474 590
474 705
474 763
474 933
474 965
475 488
475 676
475 695
475 778
476 654
476 763
476 832
476 993
477 503
477 572
477 689
477 800
478 504
478 543
479 614
479 624
479 801
479 832
480 484
480 542
480 679
480 862
480 941
482 578
483 500
483 529
483 739
484 542
484 614
484 989
485 577
486 494
486 696
486 909
487 563
487 597
487 611
487 633
487 635
487 800
487 975
488 501
488 507
488 677
488 826
488 940
488 972
489 914
489 974
490 639
490 663
490 698
490 771
490 784
490 858
491 509
491 560
491 672
491 789
492 565
492 572
492 576
492 578
492 770
492 795
492 809
492 908
492 924
493 527
493 533
493 682
493 795
494 546
494 733
495 507
495 510
496 639
496 806
497 959
498 683
499 589
499 836
500 600
500 630
500 672
500 824
500 930
501 854
502 543
502 865
503 720
503 817
503 837
503 911
504 568
504 628
504 667
505 800
505 892
505 894
506 525
507 579
507 646
507 658
507 691
507 703
507 705
508 703
508 872
508 873
509 644
509 648
509 755
509 972
510 622
510 697
510 764
510 959
511 685
511 777
511 812
511 868
511 909
512 539
512 618
512 913
513 645
514 598
514 655
514 821
514 891
514 901
515 763
515 930
516 545
516 616
516 843
516 900
517 624
517 625
517 669
517 713
517 796
518 561
518 621
518 811
518 839
518 872
518 882
519 528
519 601
519 852
519 939
520 548
520 683
520 687
520 702
520 723
520 814
521 536
521 652
521 869
522 844
522 940
523 524
523 560
523 680
524 554
524 558
525 532
525 594
525 596
525 726
525 788
525 919
526 982
527 614
527 623
527 626
528 679
529 633
529 751
529 794
530 532
530 585
530 607
530 620
530 867
530 913
531 608
531 655
531 802
532 594
533 929
534 698
534 757
534 955
535 951
536 557
536 574
536 710
536 884
537 693
538 544
538 639
538 797
539 941
540 713
540 735
540 897
541 576
541 981
542 574
542 686
542 706
542 803
543 561
544 613
544 638
544 699
544 704
544 840
545 828
546 569
546 740
546 968
546 976
547 589
547 785
547 859
548 723
548 802
548 903
549 665
549 816
549 861
549 934
550 670
550 713
550 748
550 807
550 965
550 984
551 819
552 691
552 706
554 610
554 840
555 599
555 810
556 575
556 584
556 651
556 663
556 752
556 806
556 980
558 997
559 770
559 792
559 829
559 961
560 565
560 753
561 866
562 631
563 608
563 852
564 602
566 573
566 718
567 654
567 735
567 980
568 670
568 754
568 910
568 968
568 973
569 693
569 883
569 884
569 916
569 931
570 573
570 876
572 578
572 648
573 893
574 706
574 980
574 991
575 755
576 578
576 674
576 795
576 937
577 586
577 759
577 831
577 978
578 622
578 691
579 691
579 705
579 902
579 933
580 723
580 944
580 950
581 664
581 690
581 708
582 719
582 756
583 647
583 828
584 623
584 711
584 770
584 848
585 801
585 826
586 643
586 739
586 803
587 612
587 710
587 755
587 894
588 684
588 758
588 835
589 859
590 594
590 630
590 654
590 657
591 627
591 977
592 631
592 783
592 784
593 612
593 659
594 640
594 813
595 603
595 684
595 731
597 598
597 611
597 689
597 701
598 659
598 689
598 984
599 810
599 948
599 984
600 653
600 656
600 712
600 768
600 840
600 844
600 920
601 745
601 750
601 823
601 847
601 852
603 604
603 622
603 746
603 813
604 796
604 828
604 905
604 935
605 709
606 633
606 731
606 858
606 951
607 715
607 717
607 913
607 963
608 852
608 966
609 769
610 669
610 676
610 855
611 701
611 707
611 817
611 888
612 783
612 784
612 806
613 638
613 876
613 904
613 942
613 981
614 643
614 810
614 989
615 887
616 838
617 766
618 629
619 638
619 881
619 948
621 707
621 892
621 898
621 908
621 929
622 625
622 649
622 929
622 939
623 848
625 649
625 671
625 796
625 952
626 810
627 823
627 852
627 914
627 947
628 741
628 885
629 642
629 647
629 890
630 654
631 703
631 752
631 958
632 666
632 734
632 874
633 713
634 797
634 809
634 913
635 970
637 700
638 768
638 904
638 922
639 798
639 896
639 935
640 923
641 830
642 690
643 989
644 833
644 866
645 776
645 991
646 856
646 880
646 933
647 769
647 834
648 688
648 847
650 750
650 831
650 836
650 922
650 990
651 689
651 841
651 880
651 885
653 656
653 840
654 830
655 678
655 775
656 921
657 732
657 913
657 990
658 748
659 848
659 996
660 976
661 670
661 685
661 719
661 732
661 733
661 851
662 682
662 769
663 790
664 791
665 762
665 933
665 973
666 760
666 943
667 679
667 719
667 782
669 822
669 855
669 961
670 748
671 835
671 972
672 873
676 722
677 708
679 737
679 784
679 803
679 847
680 784
681 732
681 783
681 784
681 863
681 890
683 985
684 937
684 958
684 989
685 851
686 780
687 814
688 692
690 740
691 706
692 886
693 883
694 711
694 773
696 875
696 881
696 928
697 739
697 975
698 757
698 758
699 793
699 905
699 987
700 839
700 939
701 707
701 819
701 888
702 993
703 868
703 903
704 717
705 763
706 909
706 958
706 980
707 772
708 724
708 738
708 936
709 853
709 857
709 921
710 745
710 903
710 962
711 832
712 761
713 720
714 757
715 947
717 920
719 733
719 738
719 771
720 738
720 817
720 911
720 949
721 731
721 888
722 822
724 854
725 775
726 755
726 856
726 860
726 932
727 799
727 825
728 791
728 809
728 965
730 851
731 828
731 858
732 911
732 969
733 914
733 960
734 797
736 757
736 786
736 855
737 847
737 875
739 754
741 967
742 869
742 954
742 997
743 812
744 762
744 807
744 814
744 910
745 923
746 951
747 907
748 795
749 876
751 842
751 866
753 779
753 827
753 845
754 864
754 923
756 925
757 796
757 866
757 882
757 896
758 768
760 774
760 900
760 935
760 967
762 826
762 939
763 774
763 860
763 927
763 930
764 789
765 867
767 775
768 869
770 829
771 953
772 948
774 792
774 799
774 935
775 969
777 878
777 887
778 803
778 845
778 994
780 935
780 994
781 792
781 917
782 872
782 988
783 784
784 871
784 979
785 859
785 904
785 990
786 818
786 855
786 930
786 954
787 836
789 953
790 869
791 969
792 954
793 987
796 878
796 959
797 956
799 808
799 844
800 875
801 826
802 916
806 816
807 945
807 965
808 915
811 842
814 931
814 953
815 818
815 860
815 934
816 930
817 964
818 848
820 877
821 931
823 852
823 900
824 931
828 905
828 947
831 978
832 926
832 966
833 846
833 893
834 987
838 948
839 858
840 878
840 963
841 873
842 865
845 850
845 863
845 968
847 870
850 968
852 879
855 954
857 983
858 932
858 933
858 965
860 927
861 897
863 944
865 867
865 977
866 879
866 907
867 874
868 885
870 882
870 995
875 994
876 924
877 987
877 999
879 981
879 985
881 962
882 995
884 943
884 971
886 986
888 983
889 919
889 987
892 901
896 916
896 927
896 935
897 927
897 946
898 929
900 912
901 985
904 942
905 917
905 955
909 938
910 932
911 940
921 970
922 927
922 996
926 966
927 930
927 996
933 965
939 992
940 968
953 992
971 986
971 992
981 993
985 988
986 992
992 995
