1 1000528
1 1000529
1 1000531
3 1000377
3 1000383
4 1000097
4 1000099
4 1000108
4 1000123
4 1000581
5 1000097
5 1000099
5 1000108
6 1000096
6 1000098
6 1000100
6 1000222
6 1000225
6 1000235
6 1000236
6 1000366
6 1000378
6 1000381
6 1000394
6 1000397
6 1000403
6 1000407
7 1000098
7 1000107
7 1000380
7 1000382
8 1000737
9 1000698
10 1000092
11 1000159
12 1000160
13 1000152
13 1000697
14 1000544
14 1000545
15 1000610
15 1000611
16 1000540
16 1000541
17 1000555
17 1000556
18 1000598
18 1000618
19 1000124
20 1000757
21 1000686
21 1000693
21 1000695
22 1000004
22 1000006
22 1000009
23 1000519
23 1000522
24 1000018
25 1000014
25 1000019
26 1000513
26 1000520
27 1000007
27 1000010
28 1000518
28 1000523
29 1000083
29 1000084
30 1000505
30 1000506
31 1000626
32 1000077
32 1000078
33 1000079
33 1000082
34 1000001
34 1000012
35 1000691
35 1000692
35 1000694
35 1000696
36 1000002
36 1000003
36 1000005
37 1000076
37 1000081
38 1000563
38 1000564
39 1000535
39 1000579
40 1000614
40 1000615
41 1000567
41 1000568
42 1000421
42 1000422
43 1000282
44 1000337
45 1000336
46 1000289
47 1000291
49 1000591
50 1000125
50 1000676
51 1000171
51 1000175
52 1000632
52 1000633
53 1000631
54 1000634
54 1000636
55 1000172
56 1000642
56 1000646
57 1000648
57 1000650
58 1000374
58 1000376
60 1000062
60 1000063
60 1000131
60 1000132
62 1000047
62 1000048
62 1000054
62 1000056
62 1000163
62 1000164
62 1000166
62 1000238
62 1000404
63 1000061
63 1000066
63 1000128
63 1000130
63 1000134
64 1000635
65 1000032
65 1000043
66 1000292
66 1000294
66 1000718
67 1000294
67 1000296
68 1000027
68 1000028
68 1000036
69 1000521
69 1000524
70 1000493
71 1000117
71 1000118
72 1000193
73 1000190
74 1000191
75 1000192
76 1000189
77 1000188
78 1000038
78 1000045
79 1000011
79 1000722
80 1000008
80 1000013
80 1000025
80 1000026
80 1000035
80 1000039
80 1000053
80 1000070
80 1000136
80 1000180
80 1000186
80 1000256
80 1000427
80 1000516
80 1000525
80 1000671
80 1000689
81 1000514
81 1000515
82 1000046
82 1000395
82 1000405
83 1000710
84 1000593
84 1000595
86 1000661
86 1000670
87 1000316
87 1000326
88 1000317
88 1000318
89 1000196
90 1000546
90 1000574
91 1000612
91 1000619
92 1000605
92 1000616
93 1000542
93 1000576
94 1000565
94 1000572
95 1000557
95 1000560
96 1000569
96 1000570
97 1000599
97 1000600
98 1000536
98 1000537
99 1000000
99 1000234
99 1000239
99 1000398
100 1000052
100 1000055
100 1000057
101 1000323
101 1000324
102 1000723
102 1000727
103 1000112
103 1000119
104 1000116
105 1000187
105 1000195
106 1000058
107 1000059
107 1000112
108 1000447
108 1000449
109 1000140
109 1000147
111 1000659
111 1000666
112 1000637
112 1000642
112 1000648
112 1000659
113 1000639
114 1000201
114 1000202
114 1000203
115 1000313
115 1000461
116 1000462
116 1000643
116 1000703
117 1000205
117 1000212
117 1000649
117 1000705
118 1000697
119 1000725
119 1000726
120 1000657
120 1000668
121 1000030
121 1000041
122 1000031
122 1000042
123 1000640
123 1000643
123 1000649
124 1000702
125 1000704
126 1000150
126 1000173
126 1000418
126 1000509
126 1000638
126 1000651
126 1000653
126 1000673
126 1000765
127 1000644
128 1000158
130 1000369
130 1000370
132 1000321
132 1000325
133 1000047
133 1000049
133 1000079
133 1000083
133 1000085
133 1000093
133 1000094
133 1000115
133 1000121
133 1000147
133 1000157
133 1000198
133 1000199
133 1000233
133 1000239
133 1000263
133 1000265
133 1000266
133 1000272
133 1000277
133 1000299
133 1000306
133 1000312
133 1000323
133 1000385
133 1000391
133 1000399
133 1000401
133 1000412
133 1000415
133 1000438
133 1000443
133 1000477
133 1000480
133 1000499
133 1000582
133 1000629
133 1000634
133 1000645
133 1000710
133 1000716
133 1000720
133 1000734
133 1000736
133 1000770
134 1000043
134 1000059
134 1000075
134 1000117
134 1000119
134 1000120
134 1000139
134 1000392
134 1000433
134 1000465
134 1000483
134 1000559
134 1000603
135 1000040
135 1000046
135 1000048
135 1000058
135 1000074
135 1000078
135 1000082
135 1000084
135 1000093
135 1000095
135 1000109
135 1000114
135 1000116
135 1000118
135 1000120
135 1000138
135 1000146
135 1000151
135 1000152
135 1000153
135 1000156
135 1000167
135 1000169
135 1000197
135 1000216
135 1000217
135 1000232
135 1000238
135 1000242
135 1000255
135 1000264
135 1000267
135 1000268
135 1000271
135 1000276
135 1000280
135 1000298
135 1000305
135 1000311
135 1000314
135 1000322
135 1000384
135 1000400
135 1000411
135 1000414
135 1000437
135 1000442
135 1000444
135 1000455
135 1000464
135 1000469
135 1000478
135 1000479
135 1000486
135 1000498
135 1000558
135 1000602
135 1000628
135 1000633
135 1000635
135 1000639
135 1000644
135 1000653
135 1000672
135 1000685
135 1000707
135 1000709
135 1000715
135 1000719
135 1000728
135 1000729
135 1000733
135 1000735
135 1000738
135 1000739
135 1000740
135 1000741
135 1000742
135 1000743
135 1000755
135 1000759
135 1000768
135 1000769
136 1000754
137 1000167
137 1000168
137 1000198
138 1000592
138 1000594
138 1000712
139 1000288
139 1000289
140 1000197
140 1000595
140 1000713
141 1000258
142 1000012
142 1000045
142 1000085
142 1000178
142 1000184
142 1000216
142 1000227
142 1000240
142 1000241
142 1000243
142 1000256
142 1000259
142 1000371
142 1000414
142 1000514
142 1000583
142 1000631
142 1000678
142 1000681
142 1000683
142 1000691
143 1000199
143 1000260
143 1000388
143 1000591
143 1000770
144 1000744
145 1000022
145 1000027
145 1000064
145 1000074
145 1000081
145 1000242
145 1000255
145 1000351
145 1000436
145 1000469
145 1000518
145 1000537
145 1000558
145 1000560
145 1000570
145 1000572
145 1000574
145 1000576
145 1000600
145 1000602
145 1000605
145 1000619
145 1000679
145 1000684
147 1000660
147 1000667
148 1000220
148 1000237
148 1000320
148 1000367
149 1000219
149 1000392
149 1000393
150 1000236
150 1000332
150 1000348
150 1000367
150 1000390
150 1000391
150 1000499
151 1000368
151 1000373
152 1000349
152 1000350
153 1000364
154 1000372
154 1000375
154 1000389
155 1000507
156 1000329
156 1000330
157 1000328
157 1000333
158 1000226
158 1000230
158 1000766
159 1000227
159 1000233
160 1000229
160 1000231
160 1000232
160 1000371
161 1000225
161 1000366
162 1000226
162 1000228
162 1000237
163 1000463
163 1000468
163 1000547
163 1000548
163 1000549
163 1000550
163 1000551
163 1000552
163 1000553
163 1000604
163 1000607
163 1000608
164 1000013
164 1000250
165 1000448
165 1000460
166 1000330
166 1000337
166 1000384
166 1000485
167 1000303
167 1000304
168 1000345
168 1000346
168 1000347
169 1000341
169 1000342
169 1000343
170 1000339
170 1000340
170 1000344
170 1000494
170 1000496
173 1000737
174 1000331
174 1000334
174 1000338
175 1000335
175 1000336
176 1000495
176 1000497
177 1000652
178 1000385
178 1000464
178 1000484
178 1000756
179 1000158
179 1000200
179 1000471
179 1000473
179 1000474
179 1000477
179 1000478
179 1000488
180 1000203
180 1000210
180 1000470
180 1000472
180 1000475
181 1000000
181 1000010
181 1000015
181 1000016
181 1000026
181 1000029
181 1000031
181 1000033
181 1000034
181 1000050
181 1000060
181 1000066
181 1000067
181 1000080
181 1000089
181 1000102
181 1000109
181 1000111
181 1000122
181 1000124
181 1000133
181 1000135
181 1000151
181 1000154
181 1000160
181 1000161
181 1000162
181 1000163
181 1000165
181 1000178
181 1000201
181 1000216
181 1000219
181 1000224
181 1000227
181 1000249
181 1000252
181 1000253
181 1000258
181 1000260
181 1000261
181 1000262
181 1000269
181 1000270
181 1000286
181 1000301
181 1000317
181 1000320
181 1000334
181 1000339
181 1000362
181 1000368
181 1000374
181 1000377
181 1000396
181 1000409
181 1000421
181 1000428
181 1000439
181 1000450
181 1000461
181 1000466
181 1000478
181 1000482
181 1000486
181 1000487
181 1000493
181 1000506
181 1000508
181 1000510
181 1000517
181 1000521
181 1000524
181 1000528
181 1000539
181 1000543
181 1000554
181 1000562
181 1000566
181 1000578
181 1000580
181 1000581
181 1000589
181 1000593
181 1000609
181 1000613
181 1000617
181 1000623
181 1000638
181 1000639
181 1000641
181 1000655
181 1000656
181 1000658
181 1000661
181 1000662
181 1000664
181 1000685
181 1000687
181 1000698
181 1000700
181 1000706
181 1000721
181 1000722
181 1000723
181 1000726
181 1000759
181 1000767
182 1000423
182 1000476
183 1000479
184 1000484
184 1000487
184 1000641
185 1000480
186 1000488
186 1000489
186 1000491
187 1000039
187 1000040
189 1000017
189 1000020
190 1000025
190 1000110
190 1000587
190 1000773
192 1000127
192 1000434
193 1000215
193 1000433
194 1000135
194 1000139
195 1000136
195 1000138
195 1000146
195 1000149
195 1000217
195 1000416
195 1000439
195 1000484
195 1000633
196 1000065
196 1000141
196 1000142
196 1000144
197 1000217
197 1000432
198 1000261
199 1000280
200 1000283
201 1000281
201 1000284
202 1000007
202 1000032
202 1000038
202 1000052
202 1000069
202 1000137
202 1000139
202 1000179
202 1000185
202 1000349
202 1000426
202 1000435
202 1000440
202 1000442
202 1000444
202 1000455
202 1000515
202 1000526
202 1000647
202 1000667
202 1000670
202 1000672
202 1000682
202 1000688
203 1000446
204 1000526
204 1000527
205 1000138
205 1000151
205 1000170
205 1000216
205 1000348
205 1000425
205 1000443
205 1000486
205 1000638
205 1000639
205 1000666
205 1000738
205 1000739
205 1000740
205 1000741
205 1000742
205 1000743
205 1000768
206 1000456
207 1000445
208 1000665
209 1000663
209 1000664
210 1000662
210 1000671
211 1000701
211 1000702
211 1000704
212 1000143
212 1000145
212 1000156
213 1000008
213 1000481
214 1000492
214 1000516
215 1000035
216 1000245
216 1000247
216 1000248
217 1000703
217 1000705
219 1000214
219 1000429
219 1000525
219 1000533
219 1000534
220 1000180
221 1000530
221 1000532
221 1000630
223 1000051
223 1000172
223 1000462
223 1000711
223 1000712
224 1000155
224 1000721
226 1000186
227 1000689
227 1000771
227 1000772
228 1000068
228 1000071
229 1000498
231 1000206
231 1000211
232 1000706
233 1000006
233 1000020
233 1000036
233 1000054
233 1000145
233 1000183
233 1000235
233 1000245
233 1000334
233 1000362
233 1000472
233 1000487
233 1000489
233 1000495
233 1000519
233 1000530
233 1000535
233 1000541
233 1000545
233 1000556
233 1000564
233 1000568
233 1000585
233 1000598
233 1000611
233 1000615
233 1000664
233 1000682
233 1000695
233 1000746
234 1000005
234 1000021
234 1000037
234 1000055
234 1000134
234 1000144
234 1000184
234 1000234
234 1000244
234 1000275
234 1000335
234 1000342
234 1000346
234 1000363
234 1000413
234 1000473
234 1000490
234 1000494
234 1000520
234 1000529
234 1000536
234 1000542
234 1000546
234 1000557
234 1000565
234 1000569
234 1000586
234 1000599
234 1000612
234 1000616
234 1000665
234 1000683
234 1000694
234 1000745
235 1000004
235 1000031
235 1000033
235 1000034
235 1000056
235 1000062
235 1000077
235 1000104
235 1000131
235 1000133
235 1000141
235 1000143
235 1000247
235 1000257
235 1000274
235 1000319
235 1000359
235 1000431
235 1000459
235 1000497
235 1000532
235 1000693
235 1000725
236 1000003
236 1000030
236 1000032
236 1000035
236 1000057
236 1000061
236 1000076
236 1000103
236 1000130
236 1000132
236 1000140
236 1000142
236 1000188
236 1000189
236 1000190
236 1000246
236 1000256
236 1000273
236 1000304
236 1000318
236 1000343
236 1000347
236 1000358
236 1000430
236 1000445
236 1000456
236 1000496
236 1000500
236 1000512
236 1000531
236 1000596
236 1000692
236 1000724
236 1000764
237 1000090
237 1000132
237 1000153
237 1000176
237 1000414
237 1000441
237 1000442
237 1000722
237 1000769
238 1000630
239 1000188
239 1000189
239 1000190
239 1000422
239 1000452
239 1000454
239 1000500
239 1000512
239 1000590
239 1000596
239 1000706
239 1000758
240 1000150
241 1000715
242 1000729
243 1000716
244 1000365
244 1000383
244 1000730
244 1000733
244 1000736
245 1000363
246 1000357
247 1000287
247 1000355
247 1000356
248 1000290
249 1000732
250 1000285
250 1000291
250 1000362
250 1000365
250 1000379
250 1000382
250 1000731
251 1000735
252 1000354
252 1000364
252 1000378
252 1000734
252 1000768
252 1000769
253 1000486
253 1000674
254 1000645
254 1000646
254 1000647
254 1000650
255 1000427
255 1000428
256 1000208
257 1000200
257 1000213
258 1000204
258 1000209
259 1000033
259 1000034
260 1000658
260 1000669
261 1000174
262 1000288
263 1000353
263 1000354
264 1000290
265 1000436
265 1000437
266 1000430
266 1000438
267 1000426
267 1000431
268 1000351
268 1000352
269 1000508
270 1000417
270 1000420
271 1000441
272 1000064
272 1000069
273 1000067
273 1000070
274 1000675
274 1000713
275 1000327
276 1000050
276 1000053
277 1000678
277 1000679
278 1000700
279 1000191
279 1000192
279 1000193
279 1000457
279 1000458
279 1000747
279 1000748
279 1000749
279 1000750
279 1000751
279 1000752
279 1000753
279 1000754
280 1000125
280 1000126
281 1000187
282 1000252
282 1000253
283 1000620
283 1000621
284 1000601
284 1000608
285 1000603
285 1000604
286 1000029
287 1000606
287 1000607
288 1000500
289 1000072
289 1000073
289 1000133
290 1000552
290 1000561
291 1000512
292 1000184
292 1000185
294 1000060
295 1000274
295 1000388
295 1000412
295 1000463
295 1000594
296 1000609
297 1000613
298 1000617
299 1000016
300 1000543
300 1000622
301 1000562
302 1000539
303 1000566
304 1000578
305 1000554
308 1000111
309 1000019
309 1000074
309 1000429
310 1000021
310 1000022
310 1000080
311 1000018
311 1000023
311 1000026
311 1000075
311 1000080
311 1000159
311 1000240
311 1000241
311 1000350
311 1000435
311 1000517
311 1000538
311 1000561
311 1000571
311 1000573
311 1000575
311 1000577
311 1000601
311 1000606
311 1000620
311 1000680
312 1000089
312 1000092
313 1000091
313 1000701
314 1000757
315 1000743
316 1000742
317 1000741
318 1000740
319 1000755
320 1000482
320 1000485
321 1000708
321 1000709
322 1000122
323 1000173
325 1000162
326 1000161
327 1000628
328 1000553
328 1000577
329 1000214
329 1000415
329 1000416
335 1000170
335 1000176
335 1000181
335 1000194
336 1000254
336 1000255
337 1000746
337 1000759
338 1000745
339 1000756
340 1000209
340 1000370
340 1000372
340 1000475
341 1000207
341 1000210
342 1000454
343 1000049
343 1000165
344 1000262
345 1000095
345 1000265
345 1000308
345 1000310
346 1000264
347 1000263
347 1000307
347 1000309
348 1000169
348 1000268
349 1000267
349 1000269
350 1000266
350 1000270
351 1000271
352 1000272
353 1000276
354 1000277
355 1000298
355 1000306
355 1000308
355 1000309
356 1000358
356 1000361
357 1000105
357 1000301
357 1000302
357 1000360
358 1000103
358 1000106
359 1000104
359 1000359
360 1000101
360 1000102
360 1000300
361 1000305
361 1000307
362 1000100
362 1000299
362 1000310
363 1000311
364 1000313
364 1000314
365 1000312
366 1000151
366 1000153
366 1000672
367 1000550
367 1000573
368 1000752
369 1000279
370 1000293
370 1000295
370 1000297
371 1000315
372 1000680
373 1000394
373 1000402
374 1000086
375 1000129
378 1000285
378 1000286
380 1000397
381 1000491
384 1000212
385 1000149
385 1000249
385 1000250
385 1000434
385 1000483
385 1000637
386 1000087
387 1000386
388 1000469
389 1000468
390 1000507
391 1000503
391 1000504
392 1000410
392 1000411
393 1000148
393 1000220
393 1000223
393 1000273
393 1000275
393 1000282
394 1000461
394 1000588
394 1000644
395 1000406
398 1000407
398 1000408
399 1000409
400 1000585
400 1000590
401 1000586
401 1000587
402 1000651
406 1000738
406 1000763
407 1000744
408 1000739
409 1000451
410 1000090
410 1000278
411 1000148
412 1000251
412 1000257
413 1000085
413 1000086
413 1000386
414 1000178
414 1000179
415 1000517
415 1000687
415 1000688
415 1000773
416 1000538
416 1000549
417 1000677
418 1000204
418 1000211
419 1000207
420 1000213
421 1000205
421 1000206
422 1000440
422 1000501
423 1000502
424 1000625
424 1000629
425 1000548
425 1000571
426 1000510
427 1000509
428 1000551
428 1000575
429 1000387
431 1000401
432 1000418
432 1000423
433 1000419
433 1000424
434 1000051
434 1000085
434 1000091
434 1000131
434 1000141
434 1000155
434 1000164
434 1000235
434 1000315
434 1000321
434 1000326
434 1000331
434 1000397
434 1000406
434 1000417
434 1000427
434 1000431
434 1000432
434 1000443
434 1000467
434 1000477
434 1000485
434 1000582
434 1000584
434 1000597
434 1000624
434 1000629
434 1000634
434 1000645
434 1000663
434 1000717
434 1000770
435 1000137
435 1000244
435 1000246
435 1000511
435 1000584
436 1000037
436 1000044
437 1000470
440 1000558
441 1000602
442 1000547
442 1000559
443 1000015
443 1000024
444 1000596
446 1000580
448 1000154
448 1000157
449 1000320
449 1000324
449 1000396
449 1000399
449 1000583
450 1000589
451 1000656
452 1000654
452 1000655
453 1000623
454 1000624
455 1000450
456 1000448
457 1000467
458 1000465
458 1000466
459 1000748
460 1000458
460 1000459
460 1000749
461 1000758
462 1000750
463 1000751
464 1000760
465 1000764
466 1000753
467 1000761
468 1000762
469 1000177
469 1000182
469 1000183
470 1000628
471 1000452
472 1000460
473 1000767
474 1000041
474 1000075
474 1000087
474 1000101
474 1000113
474 1000139
474 1000355
474 1000365
474 1000379
474 1000419
474 1000433
474 1000592
474 1000652
474 1000654
474 1000674
474 1000708
475 1000011
475 1000065
475 1000195
475 1000400
475 1000490
475 1000588
475 1000677
475 1000681
475 1000684
475 1000685
475 1000690
475 1000772
477 1000202
477 1000208
477 1000371
477 1000373
477 1000474
478 1000240
478 1000243
478 1000398
478 1000471
479 1000241
480 1000094
480 1000168
480 1000730
482 1000293
482 1000295
482 1000297
482 1000699
483 1000221
483 1000224
484 1000319
484 1000322
486 1000126
488 1000068
488 1000242
489 1000063
489 1000243
489 1000582
489 1000627
490 1000707
490 1000714
492 1000444
492 1000455
493 1000719
494 1000113
494 1000114
494 1000720
495 1000115
496 1000717
496 1000728
497 1000718
497 1000724
499 1000765
499 1000766
502 1000453
502 1000457
502 1000747
504 1000673
1000000 62
1000000 434
1000001 36
1000002 34
1000003 22
1000003 235
1000004 36
1000004 236
1000005 22
1000005 233
1000006 36
1000006 234
1000007 80
1000007 213
1000008 27
1000008 202
1000009 27
1000009 181
1000010 22
1000011 34
1000011 142
1000012 79
1000012 475
1000013 24
1000013 164
1000014 181
1000014 443
1000015 25
1000016 189
1000017 181
1000017 299
1000018 25
1000018 309
1000019 24
1000019 311
1000020 234
1000020 310
1000021 189
1000021 233
1000022 311
1000023 145
1000023 310
1000024 142
1000024 299
1000025 202
1000025 475
1000026 68
1000026 145
1000027 80
1000027 181
1000027 311
1000028 181
1000028 286
1000029 68
1000030 122
1000030 181
1000030 235
1000031 121
1000031 236
1000032 181
1000032 235
1000032 259
1000033 65
1000033 202
1000033 236
1000034 80
1000034 215
1000034 236
1000035 181
1000035 235
1000035 259
1000036 234
1000036 436
1000037 68
1000037 233
1000038 80
1000038 187
1000039 78
1000039 202
1000040 121
1000040 474
1000041 135
1000041 187
1000042 65
1000042 134
1000043 122
1000044 78
1000044 142
1000045 436
1000046 62
1000046 133
1000047 82
1000047 135
1000048 133
1000048 343
1000049 62
1000049 135
1000050 223
1000050 434
1000051 181
1000051 276
1000052 80
1000052 276
1000053 100
1000053 202
1000054 100
1000054 234
1000055 62
1000055 233
1000056 100
1000056 236
1000057 62
1000057 235
1000058 107
1000058 134
1000059 106
1000059 135
1000060 293
1000060 434
1000061 60
1000061 235
1000062 63
1000062 236
1000063 145
1000063 272
1000064 60
1000064 489
1000065 63
1000065 181
1000066 196
1000066 475
1000067 228
1000067 488
1000068 181
1000068 273
1000069 80
1000069 273
1000070 202
1000070 272
1000071 289
1000072 228
1000073 142
1000073 215
1000074 134
1000074 311
1000074 474
1000075 135
1000075 145
1000075 309
1000076 32
1000076 235
1000077 37
1000077 236
1000078 33
1000078 133
1000079 32
1000079 135
1000080 37
1000080 145
1000081 181
1000081 310
1000081 311
1000082 29
1000082 133
1000083 33
1000083 135
1000084 133
1000084 142
1000084 413
1000084 434
1000085 29
1000085 135
1000086 386
1000086 474
1000087 374
1000087 413
1000088 379
1000088 474
1000089 237
1000089 410
1000090 181
1000090 312
1000091 10
1000091 312
1000092 313
1000092 434
1000093 133
1000093 135
1000094 181
1000094 345
1000094 439
1000095 133
1000095 347
1000096 4
1000096 5
1000097 6
1000098 4
1000098 5
1000099 6
1000099 7
1000100 360
1000100 474
1000101 6
1000101 362
1000102 357
1000103 235
1000103 359
1000104 236
1000104 358
1000105 358
1000106 357
1000107 4
1000107 5
1000108 7
1000109 133
1000109 434
1000110 190
1000111 237
1000111 309
1000112 474
1000112 494
1000113 103
1000113 107
1000114 133
1000114 495
1000115 135
1000115 494
1000116 71
1000116 134
1000117 104
1000117 135
1000118 103
1000118 134
1000119 71
1000119 135
1000120 133
1000121 134
1000121 135
1000122 4
1000123 181
1000123 322
1000124 50
1000124 500
1000125 110
1000125 486
1000126 110
1000126 230
1000127 19
1000127 142
1000128 375
1000129 63
1000130 60
1000130 235
1000130 434
1000131 63
1000131 236
1000132 181
1000132 235
1000132 289
1000133 60
1000133 236
1000133 237
1000134 60
1000134 233
1000134 434
1000135 195
1000135 237
1000136 202
1000136 435
1000137 80
1000137 195
1000138 134
1000138 194
1000138 202
1000138 474
1000139 135
1000139 195
1000139 205
1000140 196
1000140 235
1000140 434
1000141 109
1000141 236
1000142 212
1000142 235
1000143 196
1000143 236
1000144 212
1000144 233
1000145 196
1000145 234
1000146 109
1000146 133
1000147 135
1000147 195
1000148 181
1000148 240
1000148 434
1000149 411
1000149 488
1000150 13
1000150 142
1000150 474
1000151 134
1000151 202
1000151 233
1000151 474
1000152 366
1000152 474
1000153 134
1000153 233
1000153 474
1000154 224
1000154 434
1000155 181
1000155 448
1000156 133
1000156 448
1000157 135
1000157 212
1000158 128
1000158 179
1000159 128
1000159 145
1000160 487
1000161 129
1000161 445
1000162 324
1000162 434
1000163 62
1000163 434
1000164 62
1000164 181
1000165 62
1000166 181
1000166 343
1000167 133
1000167 143
1000168 181
1000168 348
1000168 439
1000169 133
1000169 350
1000170 202
1000170 323
1000170 475
1000171 55
1000171 142
1000171 181
1000172 6
1000172 225
1000173 261
1000173 474
1000174 51
1000175 261
1000176 323
1000176 475
1000177 142
1000177 181
1000177 414
1000178 469
1000179 80
1000179 220
1000180 202
1000180 414
1000181 469
1000182 335
1000183 142
1000183 234
1000183 292
1000184 233
1000184 469
1000185 80
1000185 226
1000186 202
1000186 292
1000187 89
1000187 474
1000188 74
1000188 181
1000188 235
1000189 75
1000189 181
1000189 235
1000190 72
1000190 181
1000190 235
1000191 76
1000191 278
1000192 73
1000192 278
1000193 146
1000193 278
1000194 105
1000194 475
1000195 335
1000196 77
1000196 142
1000197 133
1000197 137
1000198 135
1000198 140
1000199 135
1000199 137
1000200 114
1000200 181
1000201 179
1000201 257
1000202 179
1000202 256
1000202 340
1000203 179
1000203 256
1000204 117
1000204 421
1000205 258
1000205 418
1000206 341
1000206 419
1000207 231
1000207 421
1000208 258
1000208 340
1000209 256
1000209 477
1000210 231
1000210 418
1000211 180
1000211 341
1000212 257
1000212 420
1000213 117
1000213 384
1000214 197
1000214 434
1000215 192
1000215 385
1000216 133
1000216 202
1000216 329
1000216 434
1000217 134
1000217 193
1000217 474
1000218 149
1000219 150
1000219 434
1000220 483
1000221 148
1000221 393
1000222 393
1000223 6
1000224 161
1000224 434
1000225 158
1000225 162
1000226 6
1000226 161
1000227 62
1000228 160
1000229 162
1000230 160
1000231 158
1000232 133
1000232 159
1000233 135
1000233 160
1000234 6
1000234 233
1000234 434
1000235 99
1000235 234
1000236 148
1000236 162
1000237 6
1000237 150
1000238 99
1000238 133
1000239 62
1000239 135
1000240 145
1000240 437
1000240 475
1000241 145
1000241 438
1000241 475
1000242 133
1000242 434
1000242 489
1000243 80
1000243 145
1000243 437
1000244 216
1000244 233
1000245 234
1000245 435
1000246 216
1000246 235
1000247 236
1000247 435
1000248 181
1000248 385
1000249 216
1000250 163
1000250 488
1000251 181
1000251 282
1000252 412
1000253 336
1000254 181
1000254 282
1000255 133
1000255 311
1000255 434
1000255 435
1000256 235
1000256 412
1000257 80
1000257 142
1000257 236
1000258 142
1000259 141
1000259 181
1000260 237
1000260 252
1000261 237
1000261 475
1000261 491
1000262 237
1000262 501
1000263 135
1000263 345
1000264 133
1000264 345
1000265 135
1000265 346
1000266 135
1000266 348
1000267 133
1000267 348
1000268 133
1000268 348
1000269 237
1000269 364
1000270 237
1000270 365
1000271 133
1000271 352
1000272 135
1000272 351
1000273 235
1000273 295
1000274 236
1000274 393
1000275 233
1000275 295
1000276 133
1000276 354
1000277 135
1000277 353
1000278 369
1000278 434
1000279 369
1000280 133
1000280 200
1000281 43
1000281 393
1000282 201
1000283 201
1000284 200
1000285 244
1000285 377
1000286 376
1000286 434
1000287 251
1000287 264
1000288 46
1000288 140
1000289 47
1000289 140
1000290 244
1000290 262
1000291 48
1000291 244
1000292 370
1000292 482
1000293 66
1000294 370
1000294 482
1000295 66
1000295 67
1000296 370
1000296 482
1000297 67
1000298 133
1000298 362
1000299 135
1000299 355
1000300 181
1000300 357
1000301 360
1000302 167
1000303 357
1000304 171
1000304 235
1000305 133
1000305 355
1000306 135
1000306 361
1000307 345
1000307 355
1000308 347
1000308 361
1000309 345
1000309 362
1000310 347
1000310 355
1000311 133
1000311 365
1000312 135
1000312 363
1000313 131
1000313 361
1000314 133
1000314 363
1000315 66
1000315 499
1000316 88
1000316 181
1000317 87
1000318 235
1000318 484
1000319 88
1000319 236
1000320 132
1000320 434
1000321 148
1000321 181
1000321 449
1000322 101
1000322 133
1000323 135
1000323 484
1000324 275
1000324 434
1000325 87
1000325 434
1000326 132
1000327 335
1000327 434
1000328 156
1000329 157
1000330 174
1000330 434
1000331 156
1000331 166
1000332 157
1000333 150
1000334 175
1000334 234
1000335 174
1000335 181
1000335 233
1000336 44
1000336 166
1000337 45
1000337 175
1000338 170
1000338 181
1000339 174
1000340 169
1000341 170
1000342 172
1000342 233
1000343 172
1000343 235
1000344 168
1000345 170
1000346 176
1000346 233
1000347 176
1000347 235
1000348 152
1000348 202
1000349 150
1000349 205
1000350 145
1000350 268
1000351 152
1000351 311
1000352 263
1000353 268
1000354 247
1000354 474
1000355 252
1000355 263
1000356 246
1000357 247
1000358 235
1000358 359
1000359 236
1000359 356
1000360 356
1000361 357
1000362 234
1000362 245
1000363 181
1000363 233
1000363 250
1000364 244
1000364 250
1000364 474
1000365 153
1000365 252
1000366 148
1000366 150
1000367 6
1000367 161
1000368 130
1000369 151
1000369 181
1000370 142
1000370 160
1000370 477
1000371 130
1000371 340
1000372 151
1000372 477
1000373 154
1000373 340
1000374 59
1000374 434
1000375 58
1000376 154
1000377 2
1000377 434
1000378 250
1000378 474
1000379 6
1000379 252
1000380 6
1000381 7
1000382 3
1000382 244
1000383 7
1000383 250
1000384 133
1000384 178
1000385 135
1000385 166
1000386 429
1000387 387
1000387 413
1000388 139
1000388 474
1000389 150
1000390 154
1000391 134
1000391 149
1000392 133
1000392 150
1000393 6
1000393 373
1000394 149
1000395 181
1000395 449
1000396 82
1000397 99
1000397 478
1000398 6
1000398 380
1000398 434
1000399 135
1000399 475
1000400 133
1000400 449
1000401 134
1000401 154
1000402 6
1000403 373
1000404 82
1000405 62
1000406 6
1000406 398
1000407 395
1000407 434
1000408 397
1000408 399
1000409 4
1000409 396
1000410 392
1000411 133
1000411 295
1000412 135
1000412 392
1000413 233
1000413 295
1000413 393
1000414 133
1000414 329
1000415 135
1000415 142
1000415 237
1000416 270
1000416 434
1000417 195
1000417 329
1000418 433
1000418 474
1000419 126
1000419 432
1000420 42
1000420 181
1000421 270
1000422 182
1000422 432
1000423 42
1000423 239
1000424 142
1000424 251
1000425 205
1000426 80
1000426 255
1000426 434
1000427 202
1000427 267
1000428 219
1000428 309
1000429 181
1000429 255
1000430 235
1000430 267
1000430 434
1000431 236
1000431 266
1000432 219
1000432 329
1000433 135
1000433 195
1000433 197
1000434 193
1000435 145
1000435 265
1000436 202
1000436 311
1000437 133
1000437 266
1000438 135
1000438 265
1000439 237
1000439 385
1000440 237
1000440 271
1000441 202
1000441 422
1000442 133
1000442 205
1000442 434
1000443 135
1000443 202
1000443 237
1000444 134
1000444 207
1000444 474
1000445 181
1000445 203
1000445 235
1000445 492
1000446 108
1000447 203
1000448 179
1000448 403
1000449 181
1000449 455
1000450 237
1000450 409
1000451 181
1000451 502
1000452 181
1000452 456
1000453 142
1000453 342
1000454 142
1000454 471
1000455 134
1000455 206
1000455 474
1000456 181
1000456 203
1000456 235
1000456 492
1000457 278
1000457 460
1000458 278
1000458 460
1000459 236
1000459 472
1000460 179
1000460 485
1000461 116
1000461 223
1000462 115
1000462 181
1000462 394
1000463 164
1000463 393
1000464 134
1000464 458
1000465 135
1000465 178
1000466 434
1000466 457
1000467 181
1000467 458
1000468 142
1000468 164
1000468 299
1000469 133
1000469 389
1000469 434
1000470 179
1000470 478
1000471 180
1000471 437
1000472 179
1000472 234
1000473 180
1000473 233
1000474 180
1000474 340
1000475 179
1000475 477
1000476 181
1000476 239
1000477 135
1000477 179
1000477 181
1000478 133
1000478 179
1000478 434
1000479 133
1000479 185
1000480 135
1000480 183
1000481 213
1000482 134
1000482 385
1000483 181
1000483 320
1000484 166
1000484 320
1000484 434
1000485 178
1000485 184
1000485 195
1000486 134
1000486 177
1000486 202
1000486 474
1000487 234
1000487 253
1000488 179
1000488 186
1000489 234
1000489 475
1000490 186
1000490 233
1000491 382
1000491 475
1000492 214
1000493 4
1000493 330
1000494 176
1000494 233
1000495 170
1000495 234
1000496 176
1000496 235
1000497 170
1000497 236
1000498 133
1000498 150
1000499 135
1000499 229
1000500 61
1000500 181
1000500 235
1000501 422
1000502 391
1000503 423
1000504 30
1000505 391
1000506 155
1000506 390
1000507 30
1000507 181
1000508 191
1000508 222
1000509 13
1000509 474
1000510 237
1000510 427
1000511 142
1000511 475
1000512 61
1000512 181
1000512 235
1000513 81
1000513 142
1000514 26
1000515 80
1000515 214
1000516 81
1000516 202
1000517 28
1000517 145
1000518 181
1000518 311
1000518 415
1000519 26
1000519 234
1000520 23
1000520 233
1000521 23
1000522 69
1000522 181
1000523 69
1000523 181
1000524 28
1000525 202
1000525 204
1000526 80
1000526 219
1000527 1
1000527 181
1000528 204
1000529 221
1000529 233
1000530 1
1000530 234
1000531 221
1000531 235
1000532 1
1000532 236
1000533 221
1000533 237
1000534 50
1000534 142
1000535 98
1000535 234
1000536 39
1000536 233
1000537 311
1000537 416
1000538 98
1000538 145
1000539 16
1000540 181
1000540 302
1000541 93
1000541 234
1000542 16
1000542 233
1000543 14
1000544 181
1000544 300
1000545 90
1000545 234
1000546 14
1000546 233
1000547 164
1000547 303
1000548 164
1000548 304
1000549 164
1000549 301
1000550 164
1000550 300
1000551 164
1000551 305
1000552 164
1000552 302
1000553 164
1000553 299
1000554 17
1000555 181
1000555 305
1000556 95
1000556 234
1000557 17
1000557 233
1000558 134
1000558 442
1000559 135
1000559 145
1000559 440
1000560 290
1000560 311
1000561 95
1000561 145
1000562 38
1000563 181
1000563 301
1000564 94
1000564 234
1000565 38
1000565 233
1000566 41
1000567 181
1000567 303
1000568 96
1000568 234
1000569 41
1000569 233
1000570 311
1000570 425
1000571 96
1000571 145
1000572 311
1000572 367
1000573 94
1000573 145
1000574 311
1000574 428
1000575 90
1000575 145
1000576 311
1000576 328
1000577 93
1000577 145
1000578 39
1000579 181
1000579 304
1000580 70
1000580 330
1000581 295
1000581 334
1000582 135
1000582 145
1000582 488
1000583 434
1000583 435
1000584 142
1000584 449
1000585 234
1000585 401
1000586 233
1000586 400
1000587 394
1000587 475
1000588 190
1000588 401
1000589 400
1000589 434
1000590 182
1000590 401
1000591 138
1000591 474
1000592 49
1000592 143
1000593 85
1000593 434
1000594 84
1000594 140
1000595 138
1000595 295
1000596 181
1000596 235
1000596 331
1000597 434
1000598 97
1000598 234
1000599 18
1000599 233
1000600 284
1000600 311
1000601 97
1000601 145
1000602 134
1000602 285
1000603 135
1000603 145
1000603 441
1000604 164
1000604 297
1000605 287
1000605 311
1000606 92
1000606 145
1000607 164
1000607 298
1000608 164
1000608 296
1000609 15
1000610 181
1000610 296
1000611 91
1000611 234
1000612 15
1000612 233
1000613 40
1000614 181
1000614 297
1000615 92
1000615 234
1000616 40
1000616 233
1000617 18
1000618 181
1000618 298
1000619 283
1000619 311
1000620 91
1000620 145
1000621 300
1000622 283
1000623 434
1000623 454
1000624 181
1000624 453
1000625 31
1000626 489
1000627 31
1000628 133
1000628 424
1000628 434
1000629 135
1000629 327
1000629 470
1000630 221
1000630 238
1000631 52
1000632 53
1000632 142
1000633 54
1000633 133
1000633 434
1000634 52
1000634 135
1000634 195
1000635 53
1000635 133
1000635 434
1000636 112
1000636 385
1000637 54
1000638 127
1000638 202
1000638 474
1000639 64
1000639 133
1000639 202
1000639 434
1000640 181
1000640 184
1000641 123
1000642 116
1000642 123
1000643 56
1000643 112
1000644 133
1000644 254
1000644 434
1000645 127
1000645 135
1000645 394
1000646 113
1000646 116
1000647 113
1000648 117
1000648 123
1000649 57
1000649 112
1000650 113
1000650 117
1000651 177
1000651 474
1000652 126
1000652 402
1000653 452
1000653 474
1000654 126
1000654 135
1000655 451
1000655 474
1000656 120
1000657 181
1000657 451
1000658 111
1000658 112
1000659 181
1000659 260
1000660 86
1000660 181
1000661 147
1000662 209
1000662 434
1000663 181
1000663 210
1000664 208
1000664 234
1000665 181
1000665 209
1000665 233
1000666 147
1000666 202
1000667 111
1000667 205
1000668 260
1000669 120
1000670 80
1000670 210
1000671 86
1000671 202
1000672 134
1000672 233
1000672 474
1000673 253
1000673 474
1000674 126
1000674 504
1000675 142
1000675 447
1000676 50
1000677 142
1000677 277
1000678 417
1000678 475
1000679 311
1000679 372
1000680 145
1000680 277
1000681 435
1000682 142
1000682 234
1000683 202
1000683 233
1000684 202
1000684 311
1000685 134
1000685 434
1000685 449
1000686 181
1000686 415
1000687 21
1000688 80
1000688 227
1000689 202
1000689 415
1000690 35
1000690 142
1000691 475
1000692 21
1000692 235
1000693 35
1000693 236
1000694 21
1000694 233
1000695 35
1000695 234
1000696 35
1000697 9
1000697 427
1000698 8
1000698 434
1000699 482
1000700 211
1000700 313
1000701 181
1000701 278
1000702 116
1000702 217
1000703 124
1000703 211
1000704 117
1000704 217
1000705 125
1000705 211
1000706 182
1000706 383
1000706 394
1000707 321
1000707 474
1000708 135
1000708 490
1000709 83
1000709 133
1000710 135
1000710 321
1000711 223
1000712 140
1000712 274
1000713 138
1000713 223
1000714 490
1000715 133
1000715 243
1000716 135
1000716 241
1000717 66
1000717 497
1000718 434
1000718 496
1000719 133
1000719 494
1000720 135
1000720 493
1000721 79
1000721 181
1000721 237
1000722 181
1000722 224
1000723 142
1000723 188
1000723 237
1000724 119
1000724 235
1000725 236
1000725 497
1000726 102
1000727 119
1000727 181
1000728 133
1000728 361
1000729 133
1000729 241
1000730 181
1000730 363
1000730 439
1000731 249
1000732 250
1000733 133
1000733 252
1000734 135
1000734 244
1000735 133
1000735 244
1000736 135
1000736 251
1000737 177
1000737 474
1000737 503
1000738 134
1000738 202
1000738 408
1000738 474
1000739 134
1000739 202
1000739 407
1000739 474
1000740 134
1000740 202
1000740 317
1000740 474
1000741 134
1000741 202
1000741 316
1000741 474
1000742 134
1000742 202
1000742 315
1000742 474
1000743 134
1000743 202
1000743 314
1000743 474
1000744 179
1000744 338
1000745 233
1000745 337
1000746 234
1000746 338
1000747 278
1000747 459
1000748 278
1000748 460
1000749 278
1000749 461
1000750 278
1000750 463
1000751 278
1000751 464
1000752 278
1000752 465
1000753 136
1000753 278
1000754 278
1000754 467
1000755 133
1000755 339
1000756 173
1000756 474
1000757 319
1000758 181
1000758 462
1000759 318
1000759 434
1000759 474
1000760 307
1000760 368
1000761 142
1000761 468
1000762 406
1000763 468
1000764 235
1000764 466
1000765 251
1000765 474
1000766 181
1000766 473
1000767 158
1000767 499
1000768 133
1000768 143
1000768 202
1000768 434
1000769 133
1000769 143
1000769 434
1000770 135
1000770 237
1000770 252
1000771 227
1000772 190
1000772 415
1000773 227
1000773 475
