1 1000189
1 1000190
1 1000192
3 1000111
3 1000117
4 1000020
4 1000112
4 1000115
5 1000114
5 1000116
7 1000015
8 1000261
8 1000263
8 1000268
9 1000182
9 1000185
10 1000176
10 1000183
11 1000264
11 1000269
12 1000181
12 1000186
13 1000258
13 1000271
14 1000259
14 1000260
14 1000262
15 1000129
15 1000130
16 1000054
16 1000059
17 1000203
17 1000204
18 1000202
19 1000205
19 1000207
20 1000055
21 1000213
21 1000217
22 1000108
22 1000110
24 1000008
24 1000010
25 1000206
26 1000280
27 1000184
27 1000187
28 1000252
28 1000267
28 1000270
29 1000000
29 1000002
29 1000007
29 1000032
29 1000140
29 1000179
29 1000236
29 1000265
30 1000177
30 1000178
31 1000248
32 1000226
32 1000235
33 1000096
33 1000106
34 1000097
34 1000098
35 1000006
35 1000009
35 1000011
36 1000103
36 1000104
37 1000138
37 1000162
38 1000041
38 1000046
39 1000224
39 1000231
40 1000208
40 1000213
40 1000224
41 1000210
42 1000250
43 1000165
43 1000214
43 1000249
44 1000222
44 1000233
45 1000211
45 1000214
46 1000056
46 1000126
46 1000209
46 1000218
46 1000237
46 1000283
47 1000215
48 1000101
48 1000105
49 1000016
49 1000017
49 1000028
49 1000029
49 1000046
49 1000050
49 1000063
49 1000064
49 1000074
49 1000075
49 1000077
49 1000083
49 1000091
49 1000093
49 1000103
49 1000121
49 1000123
49 1000150
49 1000156
49 1000205
49 1000216
49 1000248
49 1000255
49 1000277
49 1000279
49 1000286
50 1000013
50 1000027
50 1000040
50 1000145
50 1000167
51 1000012
51 1000016
51 1000018
51 1000027
51 1000030
51 1000039
51 1000045
51 1000049
51 1000051
51 1000053
51 1000062
51 1000065
51 1000066
51 1000073
51 1000078
51 1000079
51 1000082
51 1000089
51 1000090
51 1000092
51 1000094
51 1000102
51 1000120
51 1000122
51 1000134
51 1000135
51 1000149
51 1000155
51 1000170
51 1000204
51 1000206
51 1000210
51 1000215
51 1000218
51 1000245
51 1000247
51 1000254
51 1000257
51 1000272
51 1000276
51 1000278
51 1000281
51 1000284
51 1000285
52 1000051
52 1000052
52 1000063
53 1000062
54 1000065
54 1000122
54 1000177
54 1000202
54 1000240
54 1000271
55 1000064
55 1000070
55 1000286
56 1000012
56 1000148
56 1000181
56 1000241
57 1000225
57 1000232
58 1000100
59 1000109
60 1000161
61 1000118
61 1000120
61 1000169
62 1000087
62 1000088
65 1000121
65 1000168
66 1000175
66 1000282
67 1000001
67 1000003
67 1000004
67 1000022
67 1000035
67 1000038
67 1000047
67 1000065
67 1000067
67 1000069
67 1000070
67 1000071
67 1000080
67 1000081
67 1000085
67 1000097
67 1000100
67 1000108
67 1000111
67 1000129
67 1000134
67 1000141
67 1000152
67 1000163
67 1000166
67 1000170
67 1000171
67 1000174
67 1000180
67 1000184
67 1000187
67 1000189
67 1000197
67 1000199
67 1000200
67 1000209
67 1000210
67 1000212
67 1000220
67 1000221
67 1000223
67 1000226
67 1000227
67 1000229
67 1000243
67 1000250
67 1000251
67 1000266
67 1000267
67 1000269
68 1000131
69 1000168
69 1000171
69 1000212
70 1000175
71 1000195
71 1000288
72 1000031
72 1000038
72 1000067
72 1000146
73 1000068
73 1000145
74 1000040
75 1000039
75 1000045
75 1000066
75 1000124
75 1000152
75 1000168
75 1000204
76 1000042
76 1000043
77 1000036
77 1000066
78 1000001
78 1000003
78 1000006
78 1000033
78 1000035
78 1000040
78 1000135
78 1000139
78 1000147
78 1000151
78 1000153
78 1000155
78 1000157
78 1000178
78 1000232
78 1000235
78 1000264
79 1000137
80 1000033
80 1000034
80 1000188
81 1000039
81 1000057
81 1000065
81 1000133
81 1000156
81 1000170
81 1000209
81 1000210
81 1000231
81 1000284
82 1000136
83 1000230
84 1000228
84 1000229
85 1000227
85 1000236
86 1000244
87 1000044
87 1000049
88 1000265
89 1000179
93 1000032
93 1000037
93 1000142
94 1000191
94 1000193
95 1000005
95 1000055
95 1000249
96 1000048
96 1000266
98 1000287
99 1000001
99 1000008
99 1000034
99 1000044
99 1000171
99 1000182
99 1000191
99 1000229
99 1000263
100 1000000
100 1000009
100 1000035
100 1000043
100 1000183
100 1000190
100 1000230
100 1000262
101 1000003
101 1000010
101 1000024
101 1000042
101 1000099
101 1000144
101 1000160
101 1000193
101 1000261
102 1000002
102 1000011
102 1000023
102 1000041
102 1000088
102 1000098
102 1000136
102 1000143
102 1000192
102 1000260
103 1000000
103 1000002
103 1000122
103 1000154
103 1000155
103 1000252
103 1000267
103 1000285
104 1000157
105 1000130
105 1000194
106 1000254
107 1000272
108 1000255
109 1000117
109 1000273
109 1000276
109 1000279
110 1000275
111 1000113
111 1000116
111 1000274
112 1000278
113 1000112
113 1000277
113 1000284
113 1000285
114 1000170
114 1000238
115 1000216
115 1000217
116 1000140
116 1000141
117 1000223
117 1000234
118 1000058
119 1000148
119 1000149
120 1000143
120 1000150
121 1000139
121 1000144
122 1000125
122 1000128
123 1000154
124 1000107
125 1000004
125 1000007
126 1000251
127 1000240
127 1000241
128 1000243
129 1000158
129 1000159
130 1000165
131 1000012
131 1000142
132 1000013
132 1000147
132 1000174
132 1000180
132 1000242
133 1000015
134 1000014
134 1000244
135 1000166
135 1000169
136 1000246
136 1000247
137 1000056
139 1000037
139 1000123
139 1000124
140 1000057
140 1000060
141 1000071
142 1000069
143 1000018
143 1000019
143 1000074
144 1000073
145 1000075
145 1000076
146 1000053
146 1000079
147 1000078
148 1000077
148 1000080
149 1000119
151 1000082
151 1000091
152 1000025
152 1000085
152 1000086
153 1000023
153 1000026
154 1000024
155 1000021
155 1000022
155 1000084
156 1000090
157 1000020
157 1000083
158 1000092
159 1000094
160 1000093
161 1000081
162 1000095
162 1000281
163 1000242
166 1000146
166 1000167
166 1000208
167 1000196
167 1000215
167 1000250
168 1000194
169 1000173
169 1000174
169 1000195
170 1000164
171 1000172
172 1000180
172 1000288
173 1000239
176 1000153
178 1000126
178 1000131
179 1000127
179 1000132
180 1000005
180 1000014
180 1000036
180 1000042
180 1000048
180 1000072
180 1000095
180 1000101
180 1000106
180 1000125
180 1000140
180 1000144
180 1000156
180 1000169
180 1000198
180 1000201
180 1000205
180 1000216
180 1000228
180 1000256
180 1000286
181 1000151
183 1000047
183 1000050
184 1000019
184 1000029
184 1000100
184 1000104
184 1000119
185 1000197
186 1000221
187 1000219
187 1000220
188 1000200
189 1000201
190 1000163
191 1000159
191 1000160
192 1000061
193 1000161
194 1000013
194 1000021
194 1000040
194 1000113
194 1000127
194 1000145
194 1000199
194 1000219
194 1000238
194 1000246
195 1000030
195 1000076
195 1000196
195 1000239
195 1000270
195 1000287
196 1000017
196 1000052
196 1000118
196 1000273
197 1000099
197 1000102
199 1000173
199 1000252
200 1000245
200 1000253
201 1000135
202 1000089
202 1000256
202 1000257
204 1000280
204 1000282
204 1000283
206 1000072
207 1000158
208 1000237
1000000 67
1000000 78
1000000 99
1000001 29
1000001 100
1000001 103
1000002 67
1000002 78
1000002 101
1000003 29
1000003 102
1000003 103
1000004 95
1000004 180
1000005 67
1000005 125
1000006 29
1000006 125
1000007 35
1000007 78
1000008 35
1000008 100
1000009 24
1000009 99
1000010 35
1000010 102
1000011 24
1000011 101
1000012 50
1000012 132
1000012 194
1000013 51
1000013 56
1000013 131
1000014 7
1000014 133
1000015 134
1000015 180
1000016 49
1000016 51
1000017 67
1000017 143
1000017 182
1000018 49
1000018 145
1000019 145
1000019 195
1000020 155
1000020 194
1000021 4
1000021 157
1000022 152
1000023 101
1000023 154
1000024 102
1000024 153
1000025 153
1000026 152
1000027 49
1000028 50
1000028 51
1000029 51
1000029 195
1000030 49
1000030 184
1000031 93
1000031 205
1000032 78
1000032 80
1000033 29
1000033 93
1000034 67
1000034 78
1000034 100
1000035 80
1000035 99
1000036 93
1000036 139
1000037 77
1000037 180
1000038 77
1000038 205
1000039 50
1000039 74
1000039 78
1000039 194
1000040 51
1000040 75
1000040 81
1000041 76
1000041 101
1000041 180
1000042 38
1000042 102
1000043 87
1000043 99
1000044 76
1000044 100
1000045 38
1000045 49
1000046 51
1000046 75
1000047 96
1000047 180
1000048 67
1000048 183
1000049 49
1000049 183
1000050 51
1000050 87
1000051 49
1000051 55
1000052 67
1000052 146
1000052 182
1000053 49
1000053 148
1000054 20
1000054 54
1000054 67
1000055 4
1000055 97
1000056 118
1000056 194
1000057 78
1000057 137
1000057 195
1000058 16
1000059 118
1000060 192
1000061 140
1000062 49
1000062 52
1000063 51
1000063 53
1000064 51
1000064 52
1000065 49
1000065 78
1000065 139
1000065 180
1000066 50
1000066 73
1000066 194
1000067 93
1000067 205
1000068 72
1000068 166
1000069 103
1000069 204
1000070 103
1000070 113
1000071 103
1000071 206
1000072 6
1000072 204
1000073 49
1000073 143
1000074 51
1000074 144
1000075 51
1000075 143
1000076 143
1000076 184
1000077 51
1000077 146
1000078 49
1000078 146
1000079 49
1000079 146
1000080 103
1000080 160
1000081 103
1000081 162
1000082 49
1000082 157
1000083 51
1000083 151
1000084 67
1000084 152
1000085 155
1000086 62
1000087 152
1000088 63
1000088 101
1000089 49
1000089 156
1000090 49
1000090 151
1000091 51
1000091 156
1000092 49
1000092 160
1000093 51
1000093 158
1000094 49
1000094 158
1000095 26
1000095 204
1000096 34
1000096 67
1000097 33
1000098 101
1000098 197
1000099 34
1000099 102
1000100 48
1000100 180
1000101 58
1000101 67
1000101 184
1000102 36
1000102 49
1000103 51
1000103 197
1000104 124
1000104 180
1000105 33
1000105 180
1000106 48
1000107 140
1000107 180
1000108 23
1000108 180
1000109 22
1000110 59
1000111 2
1000111 180
1000112 111
1000112 194
1000113 4
1000113 113
1000114 4
1000115 5
1000116 3
1000116 109
1000117 5
1000117 111
1000118 67
1000118 149
1000118 182
1000119 150
1000119 195
1000120 49
1000120 65
1000121 51
1000121 61
1000122 49
1000122 139
1000123 51
1000123 54
1000123 103
1000124 122
1000124 180
1000125 75
1000125 139
1000126 179
1000126 194
1000127 46
1000127 178
1000128 15
1000128 67
1000129 122
1000130 68
1000130 178
1000131 15
1000131 105
1000132 54
1000132 112
1000133 81
1000134 49
1000134 180
1000135 50
1000135 82
1000135 194
1000136 67
1000136 79
1000136 101
1000136 201
1000137 37
1000138 79
1000139 29
1000139 116
1000139 180
1000140 78
1000140 121
1000141 93
1000141 131
1000142 67
1000142 116
1000143 101
1000143 121
1000143 180
1000144 102
1000144 120
1000145 51
1000145 75
1000145 77
1000146 73
1000147 56
1000147 119
1000148 78
1000148 132
1000149 49
1000149 120
1000150 51
1000150 119
1000151 29
1000151 75
1000152 103
1000152 166
1000153 103
1000153 123
1000154 78
1000154 176
1000155 49
1000155 81
1000155 180
1000156 51
1000156 78
1000156 103
1000157 78
1000157 104
1000158 128
1000158 191
1000159 128
1000159 191
1000160 102
1000160 193
1000161 66
1000161 198
1000162 67
1000162 190
1000163 103
1000163 170
1000164 67
1000164 207
1000165 42
1000165 103
1000165 165
1000166 50
1000166 166
1000167 67
1000167 135
1000168 61
1000168 135
1000168 180
1000169 65
1000169 69
1000169 75
1000170 50
1000170 64
1000170 78
1000170 194
1000171 100
1000171 114
1000172 169
1000172 199
1000173 171
1000174 56
1000174 90
1000175 66
1000175 70
1000176 30
1000176 54
1000177 10
1000178 29
1000178 89
1000179 30
1000179 78
1000180 12
1000180 56
1000181 67
1000181 132
1000181 172
1000182 10
1000182 100
1000183 9
1000183 99
1000184 9
1000185 27
1000185 67
1000186 27
1000186 67
1000187 12
1000188 1
1000188 67
1000189 80
1000190 94
1000190 99
1000191 1
1000191 100
1000192 94
1000192 101
1000193 1
1000193 102
1000194 68
1000194 169
1000195 167
1000195 195
1000196 71
1000196 169
1000197 168
1000197 180
1000198 180
1000199 180
1000200 180
1000200 189
1000201 67
1000201 188
1000202 17
1000203 18
1000203 54
1000204 19
1000204 49
1000204 180
1000205 17
1000205 51
1000205 75
1000206 18
1000206 49
1000206 180
1000207 40
1000207 166
1000208 19
1000209 47
1000209 78
1000209 194
1000210 25
1000210 49
1000210 78
1000210 180
1000211 67
1000211 69
1000212 45
1000213 43
1000213 45
1000214 21
1000214 40
1000215 49
1000215 115
1000215 180
1000216 47
1000216 51
1000216 167
1000217 41
1000217 43
1000218 187
1000218 194
1000219 46
1000219 51
1000220 186
1000220 194
1000221 44
1000222 67
1000222 186
1000223 39
1000223 40
1000224 67
1000224 117
1000225 32
1000225 67
1000226 57
1000227 84
1000227 180
1000228 67
1000228 85
1000229 83
1000229 100
1000230 67
1000230 84
1000230 99
1000231 57
1000231 78
1000232 39
1000232 81
1000233 117
1000234 44
1000235 29
1000235 85
1000236 32
1000236 78
1000237 114
1000237 194
1000238 46
1000238 208
1000239 54
1000239 127
1000240 173
1000240 195
1000241 132
1000241 163
1000242 56
1000242 127
1000243 86
1000243 134
1000244 67
1000244 128
1000245 136
1000245 194
1000246 51
1000246 200
1000247 31
1000247 49
1000248 51
1000248 136
1000249 42
1000249 67
1000249 167
1000250 43
1000250 95
1000251 28
1000251 103
1000251 199
1000252 67
1000252 126
1000253 200
1000254 49
1000254 108
1000255 51
1000255 106
1000256 26
1000256 203
1000257 49
1000257 107
1000258 14
1000259 13
1000260 8
1000260 101
1000261 14
1000261 102
1000262 8
1000262 99
1000263 14
1000263 100
1000264 29
1000264 88
1000265 11
1000265 78
1000266 28
1000266 67
1000266 103
1000267 67
1000267 96
1000268 11
1000268 67
1000269 8
1000270 13
1000270 54
1000271 28
1000271 195
1000272 49
1000272 106
1000273 67
1000273 158
1000273 182
1000274 110
1000275 111
1000276 49
1000276 113
1000277 51
1000277 109
1000278 49
1000278 109
1000279 51
1000279 112
1000280 162
1000280 180
1000281 49
1000281 159
1000282 66
1000282 204
1000283 112
1000283 194
1000284 49
1000284 55
1000284 78
1000284 180
1000285 49
1000285 55
1000285 180
1000286 51
1000286 103
1000286 113
1000287 71
1000287 172
1000288 98
1000288 195
