1 1000377
1 1000382
1 1000384
2 1000310
2 1000311
2 1000316
4 1000007
4 1000071
4 1000246
4 1000252
4 1000255
4 1000302
4 1000303
4 1000312
4 1000319
4 1000331
4 1000341
4 1000343
5 1000023
5 1000025
5 1000027
5 1000301
6 1000088
6 1000595
7 1000067
7 1000394
7 1000430
8 1000450
8 1000451
9 1000453
11 1000130
12 1000466
13 1000535
13 1000542
13 1000544
14 1000011
14 1000013
14 1000016
15 1000014
15 1000017
23 1000452
23 1000453
24 1000008
24 1000019
25 1000540
25 1000541
25 1000543
25 1000545
26 1000009
26 1000010
26 1000012
27 1000278
27 1000279
28 1000474
29 1000189
31 1000211
32 1000143
32 1000150
33 1000136
33 1000140
34 1000492
34 1000493
35 1000491
36 1000494
36 1000496
37 1000137
39 1000322
40 1000002
40 1000039
40 1000281
40 1000502
40 1000506
41 1000282
41 1000283
42 1000108
42 1000109
43 1000579
43 1000580
44 1000578
45 1000023
45 1000024
45 1000025
45 1000026
45 1000027
45 1000032
45 1000034
45 1000335
45 1000336
46 1000107
47 1000495
48 1000412
48 1000413
49 1000245
50 1000148
51 1000093
52 1000203
52 1000590
53 1000004
53 1000005
54 1000439
55 1000083
55 1000084
56 1000235
56 1000241
57 1000018
57 1000570
58 1000015
58 1000020
58 1000031
58 1000059
58 1000062
58 1000115
58 1000144
58 1000155
58 1000161
58 1000236
58 1000349
58 1000367
58 1000527
58 1000538
59 1000022
59 1000024
59 1000326
59 1000337
60 1000145
62 1000476
62 1000478
63 1000473
63 1000479
63 1000481
64 1000517
64 1000526
65 1000223
65 1000233
66 1000224
66 1000225
67 1000436
67 1000437
72 1000332
72 1000334
73 1000030
73 1000033
73 1000035
74 1000230
74 1000231
75 1000078
75 1000085
76 1000082
77 1000078
78 1000347
78 1000370
79 1000239
79 1000240
80 1000099
80 1000106
81 1000515
81 1000522
82 1000490
82 1000497
82 1000502
82 1000515
83 1000499
84 1000001
84 1000037
84 1000038
85 1000036
85 1000221
85 1000449
85 1000557
86 1000003
86 1000450
86 1000503
86 1000556
87 1000513
87 1000524
88 1000489
89 1000500
89 1000503
90 1000000
91 1000138
91 1000489
91 1000498
91 1000507
91 1000509
91 1000528
91 1000593
92 1000504
93 1000398
94 1000400
94 1000401
95 1000006
96 1000290
96 1000291
96 1000297
96 1000325
97 1000399
98 1000402
99 1000222
99 1000410
100 1000228
100 1000232
102 1000043
102 1000047
102 1000068
102 1000069
102 1000081
102 1000090
102 1000106
102 1000124
102 1000167
102 1000168
102 1000184
102 1000190
102 1000191
102 1000198
102 1000200
102 1000213
102 1000216
102 1000218
102 1000230
102 1000282
102 1000284
102 1000308
102 1000310
102 1000321
102 1000328
102 1000334
102 1000339
102 1000359
102 1000365
102 1000379
102 1000391
102 1000410
102 1000421
102 1000483
102 1000494
102 1000505
102 1000547
102 1000553
102 1000567
102 1000581
102 1000585
102 1000587
102 1000589
102 1000602
103 1000304
103 1000307
104 1000001
104 1000083
104 1000085
104 1000086
104 1000089
104 1000091
104 1000120
104 1000354
104 1000412
104 1000415
104 1000423
105 1000000
105 1000005
105 1000044
105 1000048
105 1000063
105 1000068
105 1000070
105 1000080
105 1000082
105 1000084
105 1000089
105 1000105
105 1000119
105 1000123
105 1000127
105 1000132
105 1000134
105 1000147
105 1000166
105 1000171
105 1000172
105 1000185
105 1000189
105 1000192
105 1000193
105 1000194
105 1000197
105 1000199
105 1000211
105 1000212
105 1000214
105 1000215
105 1000217
105 1000219
105 1000229
105 1000248
105 1000281
105 1000283
105 1000303
105 1000309
105 1000320
105 1000329
105 1000333
105 1000335
105 1000338
105 1000344
105 1000358
105 1000364
105 1000368
105 1000378
105 1000390
105 1000409
105 1000411
105 1000414
105 1000426
105 1000431
105 1000440
105 1000448
105 1000453
105 1000454
105 1000457
105 1000458
105 1000466
105 1000469
105 1000482
105 1000493
105 1000495
105 1000499
105 1000504
105 1000509
105 1000546
105 1000548
105 1000551
105 1000552
105 1000566
105 1000568
105 1000571
105 1000580
105 1000584
105 1000586
105 1000588
105 1000596
105 1000600
105 1000601
106 1000132
106 1000133
106 1000167
107 1000475
107 1000477
107 1000558
108 1000166
108 1000436
108 1000438
108 1000478
108 1000559
109 1000435
109 1000437
111 1000019
111 1000060
111 1000062
111 1000153
111 1000159
111 1000171
111 1000173
111 1000185
111 1000292
111 1000298
111 1000419
111 1000491
111 1000532
111 1000540
112 1000168
112 1000181
112 1000182
112 1000245
112 1000455
112 1000474
112 1000602
113 1000042
113 1000045
113 1000048
113 1000110
113 1000147
113 1000150
113 1000274
113 1000357
113 1000533
114 1000455
115 1000456
116 1000516
116 1000523
117 1000431
117 1000433
119 1000242
120 1000227
120 1000238
120 1000251
120 1000256
121 1000339
121 1000340
121 1000468
122 1000242
122 1000251
122 1000255
122 1000265
122 1000269
122 1000300
122 1000338
122 1000464
123 1000289
123 1000294
124 1000272
124 1000273
125 1000270
125 1000271
125 1000462
125 1000463
126 1000333
127 1000287
128 1000293
128 1000295
128 1000296
128 1000299
128 1000330
129 1000235
129 1000361
130 1000209
131 1000262
131 1000263
132 1000261
132 1000266
133 1000454
134 1000092
134 1000247
134 1000248
134 1000250
134 1000553
134 1000597
135 1000249
135 1000254
135 1000292
136 1000246
136 1000252
137 1000605
138 1000247
138 1000253
138 1000256
138 1000442
139 1000049
139 1000549
140 1000471
141 1000547
141 1000548
142 1000178
142 1000389
143 1000162
143 1000164
144 1000263
144 1000320
144 1000391
144 1000425
144 1000485
145 1000258
145 1000259
145 1000260
146 1000257
146 1000268
147 1000264
147 1000267
149 1000390
149 1000392
149 1000508
150 1000321
150 1000395
150 1000396
150 1000397
150 1000403
150 1000414
150 1000424
150 1000594
151 1000004
151 1000064
151 1000176
151 1000421
151 1000562
151 1000592
151 1000605
152 1000002
152 1000017
152 1000021
152 1000028
152 1000038
152 1000040
152 1000050
152 1000054
152 1000056
152 1000057
152 1000065
152 1000073
152 1000086
152 1000091
152 1000095
152 1000097
152 1000098
152 1000112
152 1000121
152 1000128
152 1000129
152 1000130
152 1000131
152 1000146
152 1000153
152 1000171
152 1000173
152 1000177
152 1000179
152 1000180
152 1000182
152 1000186
152 1000187
152 1000195
152 1000196
152 1000201
152 1000220
152 1000224
152 1000227
152 1000244
152 1000268
152 1000279
152 1000285
152 1000289
152 1000327
152 1000350
152 1000371
152 1000377
152 1000392
152 1000397
152 1000398
152 1000403
152 1000404
152 1000405
152 1000416
152 1000422
152 1000426
152 1000427
152 1000428
152 1000439
152 1000448
152 1000459
152 1000460
152 1000461
152 1000463
152 1000468
152 1000476
152 1000484
152 1000486
152 1000498
152 1000499
152 1000501
152 1000511
152 1000512
152 1000514
152 1000517
152 1000518
152 1000520
152 1000536
152 1000551
152 1000557
152 1000560
152 1000561
152 1000564
152 1000569
152 1000570
152 1000573
152 1000577
152 1000582
152 1000598
153 1000418
154 1000424
154 1000427
154 1000428
154 1000501
155 1000434
156 1000432
156 1000604
158 1000355
159 1000170
159 1000354
160 1000098
160 1000120
161 1000105
161 1000119
161 1000172
161 1000367
161 1000424
161 1000470
161 1000493
162 1000100
162 1000101
162 1000103
162 1000111
162 1000125
163 1000172
163 1000183
164 1000186
164 1000455
165 1000179
166 1000003
166 1000014
166 1000021
166 1000030
166 1000114
166 1000154
166 1000160
166 1000270
166 1000280
166 1000281
166 1000283
166 1000344
166 1000348
166 1000356
166 1000360
166 1000362
166 1000364
166 1000366
166 1000368
166 1000378
166 1000409
166 1000523
166 1000526
166 1000537
167 1000346
168 1000379
168 1000380
169 1000376
169 1000381
170 1000135
170 1000171
170 1000269
170 1000365
170 1000426
170 1000498
170 1000499
170 1000522
170 1000600
171 1000345
172 1000369
173 1000521
174 1000519
174 1000520
175 1000518
175 1000527
176 1000102
176 1000104
176 1000123
176 1000126
177 1000015
181 1000051
181 1000052
182 1000448
184 1000169
184 1000351
185 1000155
186 1000383
186 1000385
186 1000488
188 1000441
188 1000446
189 1000029
189 1000137
189 1000554
189 1000556
189 1000558
189 1000560
190 1000122
190 1000569
192 1000161
192 1000573
193 1000538
193 1000603
194 1000443
195 1000440
195 1000444
196 1000445
197 1000113
197 1000116
198 1000447
199 1000013
199 1000032
199 1000052
199 1000104
199 1000126
199 1000158
199 1000209
199 1000238
199 1000240
199 1000277
199 1000285
199 1000295
199 1000297
199 1000330
199 1000331
199 1000383
199 1000427
199 1000520
199 1000544
200 1000012
200 1000033
200 1000053
200 1000103
200 1000159
200 1000206
200 1000210
200 1000239
200 1000241
200 1000259
200 1000278
200 1000286
200 1000298
200 1000332
200 1000382
200 1000521
200 1000543
201 1000011
201 1000021
201 1000034
201 1000036
201 1000061
201 1000075
201 1000100
201 1000102
201 1000108
201 1000205
201 1000226
201 1000291
201 1000293
201 1000296
201 1000297
201 1000353
201 1000381
201 1000385
201 1000388
201 1000400
201 1000402
201 1000452
201 1000542
202 1000010
202 1000020
202 1000035
202 1000037
202 1000062
202 1000074
202 1000099
202 1000101
202 1000107
202 1000125
202 1000162
202 1000204
202 1000225
202 1000260
202 1000292
202 1000294
202 1000298
202 1000345
202 1000352
202 1000369
202 1000380
202 1000384
202 1000399
202 1000401
202 1000451
202 1000541
203 1000020
203 1000096
203 1000119
203 1000151
203 1000185
203 1000363
203 1000364
203 1000464
203 1000561
203 1000570
203 1000601
204 1000488
205 1000237
205 1000373
205 1000375
206 1000562
208 1000566
209 1000571
210 1000567
210 1000572
211 1000288
211 1000574
211 1000575
211 1000576
211 1000579
211 1000586
211 1000589
212 1000577
212 1000578
214 1000582
215 1000286
216 1000276
216 1000583
217 1000312
217 1000314
217 1000317
218 1000285
218 1000288
218 1000311
218 1000313
218 1000318
219 1000588
220 1000275
220 1000287
220 1000316
220 1000319
220 1000587
220 1000599
220 1000600
220 1000601
221 1000426
221 1000529
223 1000505
223 1000506
224 1000349
224 1000350
225 1000514
225 1000525
226 1000139
229 1000460
230 1000274
230 1000275
231 1000357
231 1000358
232 1000352
232 1000359
233 1000348
233 1000353
235 1000461
237 1000459
238 1000363
239 1000110
239 1000114
240 1000112
240 1000115
241 1000530
241 1000559
242 1000234
243 1000555
244 1000236
245 1000028
245 1000031
246 1000532
246 1000533
248 1000148
248 1000386
248 1000387
249 1000045
249 1000060
250 1000143
251 1000056
251 1000057
252 1000117
252 1000118
253 1000146
253 1000147
254 1000149
255 1000413
256 1000159
256 1000160
257 1000205
257 1000323
257 1000324
257 1000477
265 1000044
265 1000351
265 1000462
267 1000042
267 1000043
268 1000041
268 1000054
268 1000063
268 1000273
268 1000356
268 1000534
268 1000554
271 1000067
271 1000088
271 1000092
271 1000093
272 1000066
272 1000087
273 1000422
273 1000425
276 1000040
277 1000481
279 1000138
281 1000584
282 1000585
283 1000063
283 1000064
283 1000174
283 1000175
283 1000176
283 1000420
284 1000128
285 1000438
289 1000169
289 1000184
292 1000131
295 1000135
295 1000141
295 1000151
295 1000156
296 1000055
296 1000164
297 1000177
299 1000375
300 1000187
301 1000180
302 1000070
303 1000190
304 1000134
304 1000193
305 1000192
306 1000191
306 1000196
307 1000197
307 1000200
308 1000199
309 1000198
309 1000201
310 1000212
310 1000216
311 1000076
312 1000074
312 1000077
313 1000075
314 1000072
314 1000073
315 1000215
315 1000222
316 1000071
316 1000213
317 1000217
318 1000219
318 1000221
319 1000218
319 1000220
321 1000094
321 1000095
322 1000195
323 1000202
324 1000096
325 1000194
325 1000591
326 1000458
327 1000481
328 1000480
329 1000046
329 1000534
331 1000406
331 1000407
332 1000405
333 1000404
334 1000408
334 1000411
335 1000409
337 1000434
339 1000277
340 1000284
341 1000050
341 1000355
341 1000423
341 1000471
341 1000497
342 1000574
343 1000277
343 1000280
345 1000204
345 1000206
345 1000207
345 1000341
345 1000342
346 1000129
347 1000504
347 1000557
348 1000306
349 1000307
350 1000305
350 1000308
351 1000408
352 1000203
352 1000394
352 1000507
353 1000393
357 1000372
358 1000430
359 1000429
361 1000163
361 1000165
363 1000142
363 1000144
364 1000058
364 1000061
365 1000153
365 1000154
366 1000449
366 1000536
366 1000537
366 1000604
367 1000435
367 1000581
368 1000059
368 1000531
373 1000362
374 1000208
378 1000309
378 1000315
379 1000001
379 1000029
379 1000041
379 1000047
379 1000066
379 1000087
379 1000094
379 1000100
379 1000122
379 1000183
379 1000188
379 1000202
379 1000208
379 1000228
379 1000233
379 1000243
379 1000264
379 1000282
379 1000284
379 1000324
379 1000331
379 1000349
379 1000353
379 1000365
379 1000381
379 1000393
379 1000406
379 1000410
379 1000417
379 1000421
379 1000425
379 1000429
379 1000480
379 1000487
379 1000494
379 1000505
379 1000519
379 1000565
379 1000591
379 1000602
380 1000053
380 1000054
380 1000366
380 1000469
380 1000472
383 1000322
383 1000323
384 1000457
387 1000243
387 1000244
388 1000121
388 1000124
389 1000227
389 1000231
389 1000327
389 1000328
390 1000512
391 1000510
391 1000511
392 1000486
393 1000487
394 1000371
395 1000178
396 1000097
397 1000417
397 1000484
398 1000415
398 1000416
399 1000387
399 1000388
400 1000152
400 1000157
400 1000158
401 1000479
405 1000373
406 1000389
407 1000598
409 1000482
410 1000237
410 1000483
411 1000072
411 1000079
411 1000120
411 1000276
411 1000288
411 1000304
411 1000317
411 1000318
411 1000354
411 1000475
411 1000485
411 1000490
411 1000508
411 1000510
411 1000529
411 1000549
411 1000583
412 1000007
412 1000018
412 1000111
412 1000210
412 1000329
412 1000531
412 1000539
412 1000561
412 1000603
414 1000069
414 1000133
414 1000181
414 1000572
414 1000576
414 1000599
415 1000546
416 1000550
416 1000552
417 1000226
417 1000229
418 1000465
423 1000563
424 1000564
425 1000565
427 1000048
427 1000049
427 1000113
428 1000046
428 1000047
428 1000109
429 1000555
430 1000344
430 1000368
432 1000079
432 1000080
433 1000081
435 1000575
436 1000214
436 1000568
438 1000590
438 1000592
438 1000593
438 1000595
438 1000597
439 1000188
439 1000594
439 1000596
440 1000374
440 1000386
441 1000528
1000000 84
1000000 104
1000000 379
1000001 90
1000001 105
1000002 86
1000002 166
1000003 40
1000003 152
1000004 53
1000004 151
1000005 95
1000005 102
1000006 4
1000006 412
1000007 95
1000008 26
1000009 24
1000010 14
1000010 201
1000011 26
1000011 202
1000012 14
1000012 199
1000013 26
1000013 200
1000014 58
1000014 177
1000015 15
1000015 166
1000016 15
1000016 152
1000017 14
1000018 24
1000018 111
1000019 57
1000019 412
1000020 152
1000020 166
1000020 201
1000021 58
1000021 202
1000021 203
1000022 5
1000022 45
1000023 59
1000024 5
1000024 45
1000025 45
1000025 59
1000026 5
1000026 45
1000027 45
1000028 189
1000028 379
1000029 152
1000029 245
1000030 58
1000030 245
1000031 73
1000031 166
1000032 73
1000032 200
1000033 45
1000033 199
1000034 73
1000034 202
1000035 45
1000035 201
1000036 84
1000036 202
1000037 85
1000037 201
1000038 40
1000039 84
1000039 152
1000040 173
1000040 274
1000041 113
1000041 267
1000042 268
1000042 379
1000043 105
1000043 265
1000044 102
1000044 267
1000045 329
1000045 428
1000046 113
1000046 249
1000047 105
1000047 113
1000047 427
1000048 102
1000048 379
1000048 428
1000049 140
1000049 341
1000050 181
1000051 152
1000051 341
1000052 200
1000052 380
1000053 181
1000053 199
1000054 113
1000054 296
1000055 152
1000055 251
1000056 296
1000057 364
1000058 152
1000058 251
1000059 111
1000059 249
1000060 58
1000060 368
1000061 58
1000061 111
1000061 202
1000062 201
1000062 364
1000063 102
1000063 370
1000064 152
1000065 151
1000065 283
1000066 7
1000066 271
1000067 272
1000067 379
1000068 102
1000068 105
1000069 152
1000069 302
1000069 382
1000070 102
1000070 303
1000071 314
1000071 411
1000072 4
1000072 316
1000073 311
1000074 201
1000074 313
1000075 202
1000075 312
1000076 312
1000077 311
1000078 411
1000078 432
1000079 75
1000079 77
1000080 102
1000080 433
1000081 105
1000081 432
1000082 55
1000082 104
1000083 76
1000083 105
1000084 75
1000084 104
1000085 55
1000085 105
1000086 272
1000086 379
1000087 6
1000087 271
1000088 272
1000088 379
1000089 102
1000090 104
1000090 105
1000091 134
1000091 271
1000092 104
1000092 152
1000093 321
1000093 379
1000094 51
1000094 271
1000095 203
1000095 324
1000096 152
1000096 321
1000097 102
1000098 161
1000098 203
1000099 162
1000099 201
1000099 379
1000100 80
1000100 202
1000101 176
1000101 201
1000102 162
1000102 202
1000103 176
1000103 199
1000104 162
1000104 200
1000105 80
1000105 102
1000106 105
1000106 161
1000107 42
1000107 201
1000108 46
1000108 202
1000109 113
1000109 239
1000110 42
1000110 428
1000111 46
1000111 152
1000112 197
1000112 427
1000113 152
1000113 240
1000114 58
1000114 240
1000115 166
1000115 239
1000116 252
1000117 197
1000118 111
1000118 180
1000119 104
1000119 160
1000119 411
1000120 105
1000120 161
1000120 203
1000121 190
1000121 379
1000122 152
1000122 388
1000123 102
1000123 388
1000124 105
1000124 176
1000125 176
1000125 199
1000126 162
1000126 202
1000127 61
1000127 379
1000128 257
1000128 346
1000129 257
1000129 344
1000130 426
1000131 9
1000131 173
1000132 102
1000132 112
1000133 152
1000133 304
1000133 382
1000134 102
1000134 306
1000135 166
1000135 279
1000135 412
1000136 37
1000136 111
1000136 152
1000137 4
1000137 191
1000138 226
1000138 411
1000139 33
1000140 226
1000141 363
1000142 295
1000143 50
1000143 111
1000143 411
1000144 60
1000144 111
1000144 412
1000145 152
1000145 253
1000146 60
1000147 104
1000147 254
1000147 411
1000148 247
1000148 372
1000149 32
1000149 113
1000150 254
1000151 279
1000151 412
1000152 111
1000152 152
1000152 365
1000153 400
1000154 58
1000154 185
1000155 166
1000155 365
1000156 400
1000157 295
1000158 111
1000158 200
1000158 256
1000159 199
1000159 400
1000160 58
1000160 192
1000161 166
1000161 256
1000162 142
1000162 151
1000162 201
1000163 143
1000163 296
1000164 361
1000165 361
1000166 102
1000166 106
1000167 105
1000167 108
1000168 105
1000168 106
1000169 163
1000169 379
1000170 158
1000170 341
1000171 102
1000171 166
1000171 289
1000171 379
1000172 104
1000172 159
1000172 411
1000173 283
1000174 111
1000174 152
1000175 151
1000175 283
1000176 283
1000177 298
1000178 151
1000178 354
1000179 203
1000179 412
1000179 434
1000180 203
1000180 438
1000181 152
1000181 306
1000181 382
1000182 203
1000182 220
1000183 184
1000183 289
1000184 105
1000184 111
1000184 203
1000185 102
1000185 289
1000186 203
1000186 429
1000186 434
1000187 203
1000187 439
1000188 6
1000188 438
1000189 28
1000189 102
1000190 105
1000190 302
1000191 105
1000191 304
1000192 102
1000192 304
1000193 102
1000193 304
1000194 102
1000194 318
1000195 203
1000195 325
1000196 203
1000196 319
1000197 102
1000197 309
1000198 105
1000198 307
1000199 102
1000199 307
1000200 105
1000200 308
1000201 323
1000201 437
1000202 52
1000202 352
1000203 323
1000203 379
1000204 201
1000204 257
1000205 202
1000205 345
1000206 199
1000206 257
1000207 374
1000207 379
1000208 345
1000209 200
1000209 412
1000210 130
1000210 199
1000211 30
1000211 102
1000212 102
1000212 316
1000213 105
1000213 310
1000214 102
1000214 315
1000215 102
1000215 310
1000216 105
1000216 315
1000217 102
1000217 319
1000218 105
1000218 317
1000219 102
1000219 317
1000220 318
1000220 411
1000221 99
1000221 315
1000222 85
1000222 318
1000223 66
1000223 152
1000224 65
1000225 201
1000225 417
1000226 66
1000226 202
1000227 100
1000227 379
1000228 120
1000228 152
1000228 389
1000229 74
1000229 102
1000230 105
1000230 417
1000231 242
1000231 379
1000232 65
1000232 379
1000233 100
1000234 295
1000234 379
1000235 58
1000235 244
1000236 56
1000236 129
1000237 153
1000237 408
1000238 79
1000238 200
1000239 120
1000239 199
1000240 56
1000240 200
1000241 79
1000241 199
1000242 379
1000242 387
1000243 119
1000243 122
1000244 49
1000244 379
1000245 110
1000245 411
1000246 134
1000246 138
1000247 4
1000247 136
1000248 91
1000248 104
1000249 134
1000250 135
1000251 4
1000251 136
1000252 120
1000252 122
1000253 135
1000254 138
1000255 120
1000255 138
1000256 4
1000256 122
1000257 145
1000258 146
1000259 148
1000259 199
1000260 148
1000260 201
1000261 131
1000262 132
1000263 147
1000263 379
1000264 131
1000264 144
1000265 132
1000266 122
1000267 146
1000267 152
1000268 147
1000269 125
1000269 166
1000270 122
1000270 170
1000271 124
1000272 125
1000273 113
1000273 230
1000274 124
1000274 268
1000275 216
1000275 411
1000276 220
1000276 230
1000277 27
1000277 200
1000278 199
1000278 339
1000278 343
1000279 166
1000279 343
1000280 27
1000280 152
1000281 41
1000281 102
1000281 379
1000282 40
1000282 105
1000282 166
1000283 102
1000283 340
1000283 379
1000284 41
1000284 105
1000284 166
1000285 200
1000285 215
1000286 152
1000286 199
1000286 218
1000287 211
1000287 218
1000287 411
1000288 127
1000288 220
1000289 96
1000290 123
1000290 152
1000291 111
1000291 135
1000291 202
1000292 96
1000292 201
1000293 123
1000293 202
1000294 128
1000294 201
1000295 123
1000295 202
1000296 123
1000296 200
1000297 111
1000297 200
1000297 202
1000298 96
1000298 199
1000298 201
1000299 122
1000300 128
1000301 4
1000302 5
1000303 103
1000303 411
1000304 4
1000304 105
1000305 348
1000306 350
1000307 102
1000307 350
1000308 103
1000308 349
1000309 2
1000309 102
1000310 105
1000310 378
1000311 4
1000311 217
1000312 2
1000312 218
1000313 217
1000314 218
1000315 378
1000316 217
1000316 411
1000317 2
1000317 220
1000318 4
1000318 220
1000319 218
1000319 411
1000320 102
1000320 150
1000321 105
1000321 144
1000322 30
1000322 113
1000323 39
1000323 113
1000324 257
1000324 379
1000325 95
1000325 152
1000326 152
1000326 389
1000327 59
1000328 105
1000328 412
1000329 102
1000329 389
1000330 123
1000330 200
1000331 72
1000331 200
1000332 4
1000332 199
1000332 379
1000333 102
1000333 128
1000334 45
1000334 105
1000335 72
1000335 102
1000336 59
1000337 45
1000338 102
1000338 121
1000339 105
1000339 122
1000340 4
1000340 345
1000341 121
1000342 4
1000343 345
1000344 104
1000344 171
1000344 411
1000345 152
1000345 167
1000345 201
1000345 430
1000346 78
1000347 167
1000348 58
1000348 224
1000348 379
1000349 166
1000349 233
1000350 184
1000350 265
1000351 152
1000351 224
1000352 201
1000352 233
1000352 379
1000353 202
1000353 232
1000354 105
1000354 161
1000354 163
1000355 159
1000356 113
1000356 231
1000357 166
1000357 268
1000358 102
1000358 232
1000359 105
1000359 231
1000360 129
1000361 166
1000362 203
1000362 238
1000363 166
1000363 373
1000364 102
1000364 170
1000364 379
1000365 105
1000365 166
1000365 203
1000366 58
1000366 161
1000367 166
1000367 380
1000368 104
1000368 172
1000368 411
1000369 152
1000369 167
1000369 201
1000369 430
1000370 152
1000370 394
1000371 203
1000371 357
1000372 152
1000372 440
1000373 152
1000373 395
1000374 111
1000374 299
1000375 111
1000375 405
1000376 1
1000376 152
1000377 169
1000378 102
1000378 168
1000379 105
1000379 166
1000380 169
1000380 201
1000380 379
1000381 168
1000381 202
1000382 186
1000382 199
1000383 1
1000383 200
1000384 186
1000384 201
1000385 1
1000385 202
1000386 247
1000386 399
1000387 247
1000387 399
1000388 202
1000388 406
1000389 151
1000389 420
1000390 102
1000390 144
1000391 105
1000391 149
1000392 353
1000392 379
1000393 7
1000393 352
1000394 353
1000394 379
1000395 207
1000395 288
1000396 288
1000396 379
1000397 93
1000397 166
1000398 97
1000398 437
1000399 94
1000399 201
1000400 97
1000400 202
1000401 98
1000401 201
1000402 94
1000402 202
1000403 166
1000403 333
1000404 332
1000404 411
1000405 331
1000405 379
1000406 152
1000406 332
1000407 334
1000407 351
1000408 331
1000409 99
1000409 102
1000409 379
1000410 105
1000410 166
1000410 335
1000411 48
1000411 104
1000412 105
1000412 334
1000413 335
1000413 411
1000414 104
1000414 398
1000415 105
1000415 150
1000416 379
1000416 397
1000417 152
1000417 398
1000418 152
1000418 205
1000419 152
1000419 283
1000420 283
1000421 105
1000421 151
1000421 152
1000422 104
1000422 341
1000423 152
1000423 273
1000424 144
1000424 273
1000424 379
1000425 150
1000425 154
1000425 161
1000426 104
1000426 149
1000426 166
1000426 411
1000427 200
1000427 221
1000428 359
1000428 379
1000429 7
1000429 358
1000430 359
1000430 379
1000431 102
1000431 118
1000431 379
1000432 117
1000433 156
1000434 338
1000434 412
1000435 67
1000435 108
1000436 109
1000436 367
1000437 108
1000437 285
1000438 67
1000438 109
1000439 3
1000439 290
1000440 102
1000440 196
1000441 138
1000442 188
1000443 195
1000444 194
1000445 188
1000446 196
1000447 198
1000448 248
1000448 379
1000448 411
1000449 8
1000449 86
1000450 85
1000450 366
1000451 23
1000451 201
1000452 8
1000452 202
1000453 104
1000453 133
1000453 411
1000454 104
1000454 114
1000455 106
1000455 115
1000455 379
1000456 111
1000456 384
1000457 326
1000457 411
1000458 102
1000458 113
1000459 157
1000459 187
1000460 227
1000460 228
1000461 125
1000461 265
1000462 152
1000462 235
1000463 122
1000463 203
1000464 125
1000464 152
1000465 236
1000465 412
1000466 199
1000466 411
1000467 121
1000468 122
1000468 379
1000469 102
1000469 111
1000469 389
1000470 203
1000470 341
1000471 139
1000471 427
1000472 111
1000472 412
1000473 291
1000473 344
1000474 107
1000474 411
1000475 28
1000475 112
1000476 63
1000476 379
1000477 62
1000477 108
1000478 107
1000478 257
1000479 328
1000479 379
1000480 63
1000480 401
1000481 28
1000481 277
1000482 102
1000482 410
1000483 105
1000483 409
1000484 144
1000484 411
1000485 152
1000485 397
1000486 379
1000486 393
1000487 152
1000487 392
1000488 186
1000488 204
1000489 82
1000489 411
1000490 88
1000490 91
1000491 34
1000492 35
1000492 111
1000493 36
1000493 102
1000493 379
1000494 34
1000494 105
1000494 161
1000495 35
1000495 102
1000495 379
1000496 82
1000496 341
1000497 36
1000498 92
1000498 166
1000498 411
1000499 47
1000499 102
1000499 166
1000499 379
1000500 152
1000500 154
1000501 89
1000502 86
1000502 89
1000503 40
1000503 82
1000504 102
1000504 223
1000504 379
1000505 92
1000505 105
1000505 347
1000506 83
1000506 86
1000507 149
1000507 411
1000508 91
1000508 352
1000509 391
1000509 411
1000510 91
1000510 105
1000511 390
1000511 411
1000512 87
1000513 152
1000513 390
1000514 81
1000514 82
1000515 152
1000515 225
1000516 64
1000516 152
1000517 116
1000518 174
1000518 379
1000519 152
1000519 175
1000520 173
1000520 200
1000521 152
1000521 174
1000521 199
1000522 116
1000522 166
1000523 81
1000523 170
1000524 225
1000525 87
1000526 58
1000526 175
1000527 64
1000527 166
1000528 221
1000528 411
1000529 91
1000529 441
1000530 111
1000530 386
1000531 111
1000531 246
1000532 368
1000532 412
1000533 268
1000533 329
1000534 113
1000534 246
1000535 152
1000535 366
1000536 13
1000537 58
1000537 193
1000538 166
1000538 366
1000539 25
1000539 111
1000540 412
1000541 13
1000541 201
1000542 25
1000542 202
1000543 13
1000543 199
1000544 25
1000544 200
1000545 25
1000546 102
1000546 141
1000547 105
1000547 415
1000548 139
1000548 411
1000549 105
1000549 141
1000550 416
1000551 102
1000551 379
1000552 102
1000552 134
1000553 105
1000553 416
1000554 113
1000554 243
1000555 164
1000555 265
1000556 85
1000556 152
1000556 347
1000557 86
1000557 189
1000558 108
1000558 241
1000559 107
1000559 189
1000560 152
1000560 203
1000560 412
1000561 152
1000561 189
1000562 153
1000562 205
1000563 422
1000563 424
1000564 3
1000564 421
1000565 4
1000565 423
1000566 102
1000566 210
1000567 105
1000567 208
1000568 102
1000568 209
1000569 57
1000569 152
1000569 203
1000570 152
1000570 190
1000571 102
1000571 208
1000572 152
1000572 316
1000572 382
1000573 203
1000573 385
1000573 412
1000574 152
1000574 317
1000574 381
1000575 152
1000575 317
1000575 382
1000576 152
1000576 317
1000576 382
1000577 44
1000577 219
1000578 43
1000578 211
1000579 44
1000579 212
1000580 102
1000580 367
1000581 43
1000581 105
1000582 213
1000582 265
1000583 211
1000583 230
1000584 102
1000584 282
1000585 105
1000585 281
1000586 102
1000586 220
1000587 105
1000587 211
1000588 102
1000588 211
1000589 105
1000589 219
1000590 325
1000590 379
1000591 52
1000591 438
1000592 151
1000592 438
1000593 219
1000593 411
1000594 144
1000594 219
1000595 379
1000595 439
1000596 102
1000596 219
1000597 152
1000597 407
1000598 134
1000598 438
1000599 152
1000599 319
1000599 382
1000600 102
1000600 112
1000600 166
1000600 379
1000601 102
1000601 112
1000601 379
1000602 105
1000602 203
1000602 220
1000603 156
1000603 366
1000604 193
1000604 412
1000605 137
1000605 151
