1 1000028
2 1000028
3 1000084
3 1000090
3 1000093
3 1000113
3 1000115
3 1000119
4 1000027
6 1000163
7 1000198
7 1000200
7 1000205
8 1000201
8 1000206
9 1000016
9 1000017
10 1000010
10 1000011
11 1000012
11 1000015
12 1000195
12 1000208
13 1000196
13 1000197
13 1000199
14 1000009
14 1000014
15 1000169
16 1000149
17 1000184
18 1000143
19 1000003
20 1000122
20 1000125
21 1000204
21 1000207
22 1000135
22 1000202
23 1000116
23 1000126
24 1000171
24 1000173
25 1000174
25 1000176
26 1000120
26 1000121
27 1000040
27 1000047
28 1000182
29 1000001
29 1000002
30 1000000
30 1000138
31 1000139
32 1000181
33 1000165
33 1000179
33 1000181
34 1000098
34 1000099
35 1000006
35 1000012
35 1000016
35 1000018
35 1000026
35 1000034
35 1000047
35 1000056
35 1000057
35 1000061
35 1000063
35 1000065
35 1000066
35 1000071
35 1000078
35 1000080
35 1000082
35 1000096
35 1000104
35 1000109
35 1000118
35 1000121
35 1000133
35 1000145
35 1000194
35 1000214
35 1000216
35 1000218
35 1000224
36 1000033
36 1000039
36 1000180
37 1000005
37 1000011
37 1000015
37 1000017
37 1000026
37 1000033
37 1000038
37 1000046
37 1000049
37 1000052
37 1000054
37 1000055
37 1000058
37 1000060
37 1000062
37 1000064
37 1000067
37 1000068
37 1000070
37 1000077
37 1000079
37 1000081
37 1000083
37 1000086
37 1000095
37 1000103
37 1000107
37 1000108
37 1000122
37 1000132
37 1000140
37 1000144
37 1000146
37 1000148
37 1000154
37 1000160
37 1000163
37 1000164
37 1000167
37 1000183
37 1000193
37 1000209
37 1000213
37 1000215
37 1000217
37 1000221
37 1000222
37 1000223
38 1000052
38 1000053
38 1000056
39 1000170
39 1000172
39 1000189
40 1000055
40 1000173
40 1000190
41 1000018
41 1000100
41 1000186
41 1000208
42 1000057
42 1000149
42 1000169
42 1000224
43 1000007
43 1000014
43 1000022
43 1000187
44 1000030
44 1000031
44 1000148
46 1000089
46 1000094
47 1000096
47 1000109
47 1000111
47 1000112
48 1000095
49 1000089
49 1000093
49 1000108
49 1000110
49 1000124
49 1000152
49 1000159
50 1000097
50 1000102
51 1000158
51 1000162
52 1000107
53 1000101
53 1000123
54 1000129
55 1000151
56 1000085
56 1000086
56 1000088
56 1000219
57 1000087
57 1000092
57 1000100
58 1000084
58 1000090
59 1000085
59 1000091
59 1000094
60 1000031
60 1000141
62 1000103
62 1000178
64 1000104
65 1000144
65 1000145
65 1000150
65 1000191
66 1000002
66 1000004
66 1000013
66 1000031
66 1000032
66 1000037
66 1000049
66 1000050
66 1000051
66 1000059
66 1000069
66 1000097
66 1000117
66 1000138
66 1000144
66 1000146
66 1000147
66 1000154
66 1000155
66 1000156
66 1000157
66 1000158
66 1000161
66 1000167
66 1000168
66 1000171
66 1000177
66 1000203
66 1000204
66 1000206
66 1000220
68 1000147
69 1000150
70 1000029
72 1000037
73 1000039
74 1000038
74 1000046
74 1000135
75 1000041
75 1000042
75 1000044
76 1000035
77 1000039
77 1000128
77 1000130
77 1000132
77 1000134
77 1000136
77 1000183
77 1000201
78 1000038
78 1000127
78 1000133
78 1000146
78 1000167
78 1000222
80 1000043
80 1000045
81 1000202
84 1000154
86 1000036
88 1000139
88 1000189
89 1000203
90 1000153
91 1000045
91 1000119
91 1000147
91 1000200
92 1000044
92 1000074
92 1000120
92 1000199
93 1000000
93 1000010
93 1000041
93 1000043
93 1000073
93 1000099
93 1000101
93 1000198
94 1000001
94 1000009
94 1000040
94 1000042
94 1000072
94 1000100
94 1000102
94 1000197
95 1000131
95 1000132
95 1000159
95 1000164
95 1000204
95 1000223
96 1000136
98 1000191
99 1000193
100 1000209
101 1000194
102 1000210
102 1000215
102 1000218
103 1000212
104 1000211
105 1000217
106 1000216
106 1000222
106 1000223
107 1000146
113 1000156
113 1000157
114 1000160
115 1000161
116 1000155
117 1000131
118 1000190
119 1000186
119 1000187
121 1000073
121 1000141
121 1000142
121 1000172
122 1000032
123 1000005
123 1000162
124 1000013
124 1000022
125 1000006
125 1000007
126 1000008
126 1000013
126 1000021
126 1000188
127 1000142
127 1000143
129 1000179
131 1000004
132 1000176
133 1000213
134 1000214
136 1000050
137 1000048
138 1000036
139 1000051
141 1000058
141 1000059
142 1000063
142 1000064
143 1000061
143 1000062
144 1000065
145 1000054
145 1000068
146 1000067
147 1000066
148 1000070
149 1000071
150 1000077
150 1000080
151 1000079
152 1000078
153 1000081
154 1000083
155 1000082
157 1000164
157 1000167
157 1000183
158 1000060
159 1000069
161 1000176
162 1000175
163 1000188
164 1000019
166 1000020
166 1000024
167 1000025
167 1000105
168 1000140
169 1000072
169 1000074
169 1000075
169 1000113
169 1000114
170 1000137
170 1000138
173 1000018
173 1000019
173 1000105
174 1000185
175 1000130
176 1000076
177 1000168
178 1000165
178 1000166
179 1000106
182 1000008
182 1000018
182 1000035
182 1000041
182 1000076
182 1000111
182 1000119
182 1000133
182 1000145
182 1000175
182 1000224
183 1000134
185 1000117
185 1000118
187 1000177
188 1000174
192 1000220
193 1000020
193 1000025
193 1000039
193 1000110
193 1000170
193 1000178
193 1000180
193 1000182
194 1000185
194 1000207
195 1000053
195 1000210
197 1000192
198 1000219
200 1000221
1000000 29
1000000 94
1000001 30
1000001 93
1000002 19
1000003 29
1000003 66
1000004 79
1000004 130
1000005 35
1000005 125
1000006 37
1000006 123
1000007 126
1000007 182
1000008 43
1000008 125
1000009 10
1000009 93
1000010 14
1000010 94
1000011 11
1000011 35
1000012 10
1000012 37
1000013 14
1000013 43
1000014 66
1000014 124
1000014 126
1000015 9
1000015 35
1000016 11
1000016 37
1000017 35
1000017 41
1000017 173
1000017 182
1000018 9
1000018 37
1000019 166
1000019 193
1000020 164
1000020 173
1000021 43
1000021 124
1000022 126
1000023 165
1000023 193
1000024 167
1000024 193
1000025 166
1000026 35
1000026 37
1000027 1
1000027 2
1000028 4
1000029 44
1000030 70
1000031 61
1000031 95
1000031 194
1000032 95
1000032 123
1000033 35
1000034 36
1000034 37
1000035 86
1000035 138
1000036 76
1000036 182
1000037 76
1000037 199
1000038 36
1000038 73
1000038 77
1000038 193
1000039 37
1000039 74
1000039 78
1000040 75
1000040 93
1000040 182
1000041 27
1000041 94
1000042 80
1000042 93
1000043 75
1000043 94
1000044 80
1000044 91
1000045 75
1000045 92
1000046 27
1000046 35
1000047 37
1000047 74
1000048 137
1000049 35
1000049 182
1000050 135
1000050 182
1000051 5
1000051 79
1000052 35
1000052 42
1000053 66
1000053 145
1000053 184
1000054 35
1000054 147
1000055 35
1000055 38
1000056 37
1000056 40
1000057 37
1000057 38
1000058 35
1000058 40
1000059 95
1000059 200
1000060 35
1000060 143
1000061 37
1000061 158
1000062 35
1000062 142
1000063 37
1000063 143
1000064 35
1000064 144
1000065 37
1000065 142
1000066 37
1000066 145
1000067 35
1000067 145
1000068 35
1000068 145
1000069 95
1000069 160
1000070 35
1000070 149
1000071 37
1000071 148
1000072 93
1000072 121
1000073 94
1000073 169
1000074 91
1000074 121
1000075 176
1000075 182
1000076 169
1000077 35
1000077 152
1000078 37
1000078 150
1000079 35
1000079 150
1000080 37
1000080 151
1000081 35
1000081 155
1000082 37
1000082 153
1000083 35
1000083 153
1000084 56
1000084 59
1000085 3
1000085 58
1000086 33
1000086 36
1000087 56
1000088 57
1000089 3
1000089 58
1000090 46
1000090 49
1000091 57
1000092 59
1000093 46
1000093 59
1000094 3
1000094 49
1000095 35
1000095 47
1000096 37
1000096 48
1000097 34
1000098 50
1000098 66
1000099 41
1000099 57
1000099 94
1000100 34
1000100 93
1000101 50
1000101 94
1000102 53
1000102 93
1000103 35
1000103 64
1000104 37
1000104 62
1000105 179
1000106 167
1000106 173
1000107 35
1000107 53
1000108 35
1000108 47
1000109 37
1000109 49
1000110 47
1000110 182
1000111 49
1000111 193
1000112 3
1000112 169
1000113 47
1000114 3
1000115 169
1000116 66
1000116 185
1000117 23
1000118 37
1000118 194
1000119 26
1000119 92
1000120 3
1000120 91
1000120 182
1000121 20
1000121 37
1000122 26
1000122 35
1000123 49
1000124 53
1000125 23
1000126 20
1000127 78
1000128 54
1000129 77
1000130 95
1000130 117
1000131 77
1000131 175
1000132 35
1000132 78
1000132 182
1000133 37
1000133 77
1000133 95
1000134 22
1000134 74
1000135 77
1000135 183
1000136 77
1000136 96
1000137 170
1000138 31
1000138 88
1000139 30
1000139 66
1000139 170
1000140 35
1000140 121
1000141 61
1000141 169
1000142 18
1000142 43
1000143 15
1000143 43
1000144 35
1000144 65
1000144 182
1000145 37
1000145 65
1000145 66
1000146 36
1000146 63
1000146 77
1000146 193
1000147 92
1000147 107
1000148 35
1000148 45
1000148 182
1000149 39
1000149 193
1000150 65
1000150 69
1000151 49
1000152 55
1000153 90
1000154 120
1000154 182
1000154 193
1000155 71
1000155 87
1000156 110
1000156 111
1000157 109
1000157 112
1000158 49
1000158 95
1000159 51
1000159 66
1000160 35
1000160 115
1000161 51
1000161 123
1000162 66
1000162 115
1000163 157
1000163 193
1000164 36
1000164 91
1000164 193
1000165 6
1000165 193
1000166 178
1000167 36
1000167 77
1000167 91
1000167 193
1000168 95
1000168 178
1000169 39
1000169 193
1000170 15
1000170 42
1000171 25
1000171 182
1000172 24
1000172 40
1000173 39
1000173 121
1000174 162
1000174 182
1000175 25
1000175 188
1000176 15
1000176 132
1000177 62
1000177 193
1000178 66
1000178 187
1000179 36
1000179 193
1000180 33
1000180 129
1000181 28
1000181 193
1000182 32
1000182 33
1000183 36
1000183 91
1000183 193
1000184 17
1000185 41
1000185 119
1000186 174
1000186 194
1000187 126
1000187 163
1000188 43
1000188 119
1000189 40
1000189 118
1000190 39
1000190 88
1000191 67
1000191 97
1000192 197
1000193 35
1000193 101
1000194 37
1000194 99
1000195 13
1000196 12
1000197 7
1000197 93
1000198 13
1000198 94
1000199 7
1000199 91
1000200 13
1000200 92
1000201 22
1000201 81
1000202 8
1000202 77
1000203 21
1000203 66
1000203 95
1000204 66
1000204 89
1000205 8
1000205 66
1000206 7
1000207 12
1000207 41
1000208 21
1000208 194
1000209 35
1000209 99
1000210 66
1000210 153
1000210 184
1000211 103
1000212 104
1000213 35
1000213 134
1000214 37
1000214 133
1000215 35
1000215 106
1000216 37
1000216 102
1000217 35
1000217 102
1000218 37
1000218 105
1000219 66
1000219 192
1000220 56
1000220 198
1000221 35
1000221 105
1000222 35
1000222 42
1000222 77
1000222 182
1000223 35
1000223 42
1000223 182
1000224 37
1000224 95
1000224 106
