1 1000334
2 1000162
2 1000163
2 1000166
2 1000176
2 1000177
2 1000197
2 1000200
2 1000206
3 1000175
4 1000117
5 1000110
6 1000041
7 1000334
8 1000109
9 1000059
10 1000212
11 1000102
12 1000111
13 1000112
14 1000103
14 1000113
15 1000104
16 1000105
17 1000106
18 1000107
19 1000116
20 1000350
20 1000353
20 1000360
21 1000351
21 1000354
22 1000347
22 1000358
23 1000348
23 1000349
23 1000359
24 1000148
24 1000149
25 1000272
26 1000064
26 1000069
27 1000285
27 1000286
28 1000284
29 1000287
29 1000289
30 1000065
31 1000151
31 1000295
31 1000299
32 1000152
32 1000153
33 1000180
33 1000182
35 1000009
35 1000011
35 1000208
35 1000209
36 1000288
37 1000250
37 1000251
38 1000100
38 1000345
38 1000369
39 1000265
40 1000134
40 1000140
41 1000267
42 1000356
42 1000357
43 1000002
43 1000003
43 1000008
43 1000035
43 1000047
43 1000059
43 1000135
43 1000269
43 1000318
43 1000352
44 1000268
45 1000198
45 1000210
46 1000332
47 1000308
47 1000317
48 1000266
48 1000270
49 1000201
49 1000207
50 1000007
50 1000010
50 1000012
51 1000016
51 1000019
52 1000014
52 1000015
53 1000221
53 1000227
54 1000138
54 1000139
55 1000051
55 1000058
57 1000306
57 1000313
58 1000283
58 1000290
58 1000295
58 1000306
59 1000292
60 1000001
61 1000132
61 1000229
61 1000338
62 1000228
62 1000296
62 1000337
63 1000304
63 1000315
64 1000282
65 1000293
65 1000296
66 1000000
67 1000066
67 1000280
67 1000282
67 1000291
67 1000300
67 1000371
68 1000297
69 1000236
70 1000238
70 1000239
71 1000168
71 1000169
72 1000237
73 1000240
74 1000133
74 1000248
75 1000038
75 1000042
75 1000044
75 1000058
75 1000073
75 1000074
75 1000089
75 1000090
75 1000096
75 1000098
75 1000119
75 1000127
75 1000129
75 1000152
75 1000154
75 1000184
75 1000194
75 1000202
75 1000204
75 1000207
75 1000216
75 1000231
75 1000248
75 1000287
75 1000298
75 1000324
75 1000332
75 1000343
75 1000366
75 1000368
75 1000374
76 1000001
76 1000022
76 1000038
76 1000043
76 1000050
76 1000079
76 1000195
76 1000250
76 1000254
76 1000281
77 1000000
77 1000021
77 1000037
77 1000042
77 1000043
77 1000049
77 1000057
77 1000061
77 1000063
77 1000072
77 1000075
77 1000078
77 1000088
77 1000091
77 1000092
77 1000093
77 1000095
77 1000097
77 1000118
77 1000125
77 1000126
77 1000128
77 1000130
77 1000151
77 1000153
77 1000183
77 1000203
77 1000208
77 1000211
77 1000212
77 1000215
77 1000220
77 1000230
77 1000247
77 1000249
77 1000257
77 1000263
77 1000286
77 1000288
77 1000292
77 1000297
77 1000300
77 1000323
77 1000325
77 1000329
77 1000331
77 1000342
77 1000346
77 1000361
77 1000365
77 1000367
77 1000372
77 1000373
78 1000061
78 1000062
78 1000073
79 1000072
80 1000018
80 1000075
80 1000170
80 1000274
80 1000284
80 1000320
80 1000358
81 1000074
81 1000101
81 1000374
82 1000021
82 1000023
82 1000143
82 1000321
83 1000307
83 1000314
84 1000137
84 1000164
84 1000165
85 1000195
85 1000196
86 1000164
86 1000166
86 1000193
86 1000194
87 1000167
87 1000174
88 1000157
89 1000173
89 1000181
89 1000192
90 1000134
91 1000160
91 1000161
92 1000159
92 1000170
92 1000171
93 1000162
93 1000163
94 1000161
94 1000165
94 1000172
95 1000025
95 1000326
97 1000324
97 1000325
98 1000224
99 1000024
99 1000144
99 1000183
99 1000231
99 1000256
100 1000123
100 1000124
101 1000185
101 1000189
102 1000187
102 1000188
105 1000108
105 1000109
105 1000110
105 1000111
105 1000112
105 1000113
105 1000186
106 1000230
106 1000232
107 1000143
107 1000184
107 1000235
107 1000241
107 1000255
108 1000341
109 1000004
109 1000005
109 1000019
109 1000026
109 1000030
109 1000032
109 1000033
109 1000039
109 1000045
109 1000075
109 1000082
109 1000083
109 1000084
109 1000085
109 1000086
109 1000087
109 1000094
109 1000121
109 1000131
109 1000141
109 1000149
109 1000155
109 1000167
109 1000180
109 1000187
109 1000199
109 1000218
109 1000235
109 1000236
109 1000241
109 1000242
109 1000243
109 1000253
109 1000257
109 1000258
109 1000262
109 1000263
109 1000264
109 1000265
109 1000274
109 1000279
109 1000291
109 1000292
109 1000294
109 1000302
109 1000303
109 1000305
109 1000308
109 1000309
109 1000311
109 1000327
109 1000333
109 1000338
109 1000339
109 1000340
109 1000354
109 1000355
109 1000356
109 1000375
110 1000252
111 1000233
111 1000255
111 1000258
111 1000294
112 1000060
112 1000277
113 1000081
113 1000082
114 1000079
114 1000080
115 1000050
116 1000047
116 1000049
116 1000057
116 1000078
116 1000255
116 1000286
117 1000052
117 1000053
117 1000055
118 1000077
118 1000078
119 1000085
119 1000211
120 1000083
121 1000004
121 1000007
121 1000048
121 1000050
121 1000060
121 1000150
121 1000151
121 1000153
121 1000211
121 1000213
121 1000215
121 1000220
121 1000247
121 1000268
121 1000314
121 1000317
121 1000351
122 1000226
123 1000002
123 1000049
123 1000067
123 1000216
123 1000257
123 1000291
123 1000292
123 1000313
123 1000372
124 1000217
125 1000312
126 1000310
126 1000311
127 1000309
127 1000318
128 1000328
129 1000054
129 1000056
130 1000352
131 1000269
133 1000027
133 1000028
134 1000263
136 1000076
136 1000271
137 1000006
137 1000065
137 1000335
137 1000337
137 1000339
138 1000355
141 1000004
141 1000009
141 1000028
141 1000036
141 1000056
141 1000137
141 1000139
141 1000141
141 1000145
141 1000147
141 1000155
141 1000258
141 1000270
141 1000311
141 1000360
142 1000002
142 1000003
142 1000010
142 1000029
142 1000055
142 1000138
142 1000140
142 1000142
142 1000146
142 1000148
142 1000156
142 1000312
142 1000359
143 1000011
143 1000052
143 1000054
143 1000169
143 1000173
143 1000233
143 1000238
143 1000240
143 1000259
143 1000350
144 1000012
144 1000051
144 1000053
144 1000124
144 1000170
144 1000174
144 1000185
144 1000217
144 1000232
144 1000237
144 1000239
144 1000349
145 1000003
145 1000075
145 1000214
145 1000215
145 1000229
145 1000233
145 1000340
145 1000356
145 1000373
146 1000013
146 1000017
146 1000046
146 1000136
146 1000223
146 1000225
146 1000276
147 1000341
148 1000342
149 1000361
150 1000343
151 1000158
151 1000362
151 1000365
151 1000368
152 1000156
153 1000114
153 1000115
154 1000364
155 1000155
155 1000158
155 1000178
155 1000363
156 1000367
157 1000157
157 1000177
157 1000366
157 1000372
157 1000373
158 1000257
160 1000298
160 1000299
161 1000108
162 1000305
162 1000316
163 1000068
164 1000115
165 1000214
166 1000336
167 1000135
168 1000005
168 1000008
169 1000320
169 1000321
170 1000327
172 1000272
172 1000273
173 1000228
174 1000023
175 1000032
175 1000033
176 1000251
177 1000017
178 1000141
178 1000146
179 1000021
179 1000142
179 1000143
180 1000020
181 1000022
181 1000030
181 1000144
181 1000262
181 1000264
181 1000322
181 1000335
182 1000041
182 1000280
183 1000037
183 1000039
183 1000040
183 1000328
184 1000253
184 1000256
185 1000330
185 1000331
186 1000066
188 1000046
189 1000375
190 1000076
191 1000067
191 1000070
192 1000031
193 1000223
194 1000086
195 1000084
196 1000088
197 1000089
198 1000063
198 1000092
199 1000091
200 1000090
201 1000095
201 1000098
202 1000097
203 1000096
204 1000118
204 1000127
205 1000121
205 1000122
206 1000120
207 1000126
207 1000133
208 1000119
209 1000128
210 1000130
210 1000132
211 1000129
211 1000131
212 1000087
213 1000094
214 1000099
216 1000093
216 1000370
217 1000322
219 1000229
220 1000244
220 1000245
221 1000243
222 1000242
223 1000246
223 1000249
224 1000247
225 1000197
225 1000205
226 1000101
227 1000102
227 1000116
227 1000117
228 1000103
228 1000104
228 1000105
228 1000106
228 1000107
229 1000114
231 1000145
232 1000200
233 1000147
234 1000154
235 1000020
235 1000026
235 1000081
235 1000254
235 1000290
236 1000190
237 1000147
237 1000150
237 1000252
238 1000234
239 1000212
239 1000278
239 1000297
239 1000338
241 1000178
242 1000179
243 1000246
244 1000276
245 1000261
245 1000262
245 1000277
246 1000100
248 1000013
248 1000018
249 1000219
251 1000034
251 1000036
251 1000259
251 1000260
252 1000190
253 1000264
254 1000035
254 1000319
257 1000213
259 1000191
261 1000204
262 1000001
262 1000006
262 1000024
262 1000040
262 1000052
262 1000077
262 1000099
262 1000144
262 1000152
262 1000154
262 1000200
262 1000216
262 1000244
262 1000248
262 1000256
262 1000275
262 1000287
262 1000298
262 1000310
262 1000344
262 1000370
262 1000374
263 1000029
263 1000030
263 1000048
263 1000275
266 1000199
266 1000202
266 1000274
267 1000279
268 1000303
269 1000301
269 1000302
270 1000218
271 1000224
272 1000045
273 1000071
274 1000225
276 1000136
277 1000022
277 1000050
277 1000079
277 1000158
277 1000281
277 1000283
277 1000301
277 1000326
277 1000330
278 1000203
278 1000278
278 1000319
278 1000340
278 1000357
279 1000201
280 1000062
280 1000362
281 1000323
282 1000273
283 1000025
283 1000261
284 1000024
285 1000333
286 1000329
287 1000336
288 1000220
290 1000125
290 1000344
290 1000346
291 1000345
293 1000369
293 1000371
296 1000222
1000000 60
1000000 76
1000000 262
1000001 66
1000001 77
1000002 121
1000002 141
1000003 109
1000003 121
1000003 141
1000004 43
1000004 142
1000004 145
1000005 137
1000005 262
1000006 109
1000006 168
1000007 43
1000007 168
1000008 50
1000008 121
1000009 50
1000009 142
1000010 35
1000010 141
1000011 50
1000011 144
1000012 35
1000012 143
1000013 52
1000014 146
1000014 248
1000015 51
1000016 52
1000017 80
1000017 248
1000018 146
1000018 177
1000019 180
1000019 235
1000020 51
1000020 109
1000021 76
1000021 181
1000021 277
1000022 77
1000022 82
1000022 179
1000023 217
1000023 284
1000024 82
1000024 107
1000024 283
1000025 96
1000025 235
1000026 133
1000027 109
1000027 235
1000028 142
1000028 263
1000029 133
1000029 141
1000030 82
1000030 192
1000031 109
1000031 175
1000032 192
1000033 251
1000034 109
1000034 175
1000035 80
1000035 174
1000036 43
1000036 80
1000036 142
1000037 75
1000037 76
1000038 77
1000038 183
1000039 145
1000039 250
1000040 6
1000040 182
1000041 183
1000041 262
1000042 75
1000042 77
1000043 75
1000044 76
1000044 77
1000045 76
1000045 77
1000046 109
1000046 258
1000047 121
1000047 263
1000048 43
1000048 116
1000049 76
1000049 115
1000049 121
1000049 277
1000050 77
1000050 116
1000050 123
1000051 117
1000051 143
1000051 262
1000052 55
1000052 144
1000053 129
1000053 143
1000054 117
1000054 144
1000055 129
1000055 141
1000056 117
1000056 142
1000057 55
1000057 75
1000058 77
1000058 116
1000059 112
1000059 121
1000060 9
1000060 43
1000061 75
1000061 81
1000062 109
1000062 198
1000062 265
1000063 75
1000063 200
1000064 30
1000064 80
1000064 109
1000065 2
1000065 139
1000066 163
1000066 277
1000067 121
1000067 186
1000067 278
1000068 26
1000069 163
1000070 273
1000071 191
1000072 75
1000072 78
1000073 77
1000073 79
1000074 77
1000074 78
1000075 75
1000075 190
1000075 262
1000076 118
1000076 262
1000077 136
1000077 190
1000078 76
1000078 114
1000078 277
1000079 77
1000079 116
1000079 118
1000080 113
1000080 235
1000081 114
1000082 136
1000082 294
1000083 145
1000083 278
1000083 289
1000084 145
1000084 293
1000085 145
1000085 287
1000085 289
1000086 145
1000086 295
1000087 145
1000087 215
1000088 75
1000088 197
1000089 77
1000089 196
1000090 77
1000090 198
1000091 75
1000091 198
1000092 75
1000092 198
1000093 75
1000093 210
1000094 145
1000094 216
1000095 75
1000095 203
1000096 77
1000096 201
1000097 75
1000097 201
1000098 77
1000098 202
1000099 38
1000099 246
1000100 214
1000100 262
1000101 78
1000101 229
1000102 226
1000102 230
1000103 15
1000103 226
1000104 16
1000104 226
1000105 17
1000105 226
1000106 18
1000106 226
1000107 19
1000107 226
1000108 8
1000108 99
1000109 5
1000109 99
1000110 12
1000110 99
1000111 13
1000111 99
1000112 14
1000112 99
1000113 14
1000113 99
1000114 156
1000114 164
1000115 151
1000115 161
1000116 4
1000116 226
1000117 11
1000117 226
1000118 75
1000118 208
1000119 77
1000119 204
1000120 109
1000120 205
1000121 206
1000122 100
1000123 205
1000124 103
1000124 143
1000125 75
1000125 207
1000126 75
1000126 204
1000127 77
1000127 207
1000128 75
1000128 211
1000129 77
1000129 209
1000130 75
1000130 209
1000131 210
1000131 277
1000132 74
1000132 207
1000133 61
1000133 210
1000134 43
1000134 167
1000135 40
1000135 90
1000136 110
1000136 275
1000137 54
1000137 142
1000138 84
1000138 141
1000139 40
1000139 142
1000140 54
1000140 141
1000141 142
1000141 179
1000142 109
1000142 141
1000142 178
1000143 99
1000143 181
1000143 262
1000144 82
1000144 107
1000144 179
1000145 142
1000145 178
1000146 141
1000146 231
1000147 24
1000147 142
1000148 141
1000148 233
1000148 237
1000149 121
1000149 237
1000150 24
1000150 109
1000151 32
1000151 75
1000151 262
1000152 31
1000152 77
1000152 121
1000153 75
1000153 234
1000153 262
1000154 32
1000154 77
1000154 121
1000155 142
1000155 152
1000156 109
1000156 141
1000156 155
1000157 151
1000157 155
1000157 277
1000158 88
1000158 157
1000159 91
1000160 92
1000161 2
1000161 93
1000162 91
1000162 94
1000163 84
1000163 86
1000164 2
1000164 93
1000165 2
1000165 86
1000166 84
1000166 94
1000167 71
1000168 87
1000168 109
1000169 80
1000169 92
1000169 144
1000170 71
1000170 143
1000171 94
1000172 92
1000173 87
1000173 144
1000174 89
1000174 143
1000175 2
1000176 3
1000177 155
1000177 277
1000178 151
1000178 242
1000179 240
1000180 34
1000180 262
1000181 33
1000182 89
1000183 75
1000183 107
1000184 77
1000184 99
1000185 104
1000185 143
1000186 102
1000186 109
1000187 105
1000188 101
1000189 102
1000190 259
1000191 236
1000191 252
1000192 86
1000193 89
1000194 76
1000194 85
1000195 75
1000195 86
1000196 2
1000196 225
1000197 85
1000198 109
1000198 266
1000199 45
1000200 49
1000200 279
1000201 2
1000201 232
1000201 262
1000202 77
1000202 278
1000203 75
1000203 266
1000204 76
1000204 89
1000205 2
1000206 225
1000207 35
1000207 77
1000208 49
1000208 75
1000209 45
1000210 35
1000211 10
1000211 75
1000211 262
1000212 75
1000212 237
1000212 262
1000213 145
1000213 165
1000214 121
1000214 257
1000215 75
1000215 123
1000215 262
1000216 77
1000216 121
1000216 145
1000217 109
1000217 122
1000217 143
1000217 288
1000218 145
1000218 249
1000219 109
1000219 296
1000220 76
1000220 124
1000220 277
1000221 109
1000221 270
1000222 80
1000222 193
1000223 80
1000223 274
1000224 108
1000224 247
1000225 109
1000225 271
1000226 53
1000227 122
1000228 61
1000228 145
1000228 219
1000229 62
1000229 173
1000230 75
1000230 99
1000231 77
1000231 106
1000232 111
1000232 143
1000232 145
1000233 106
1000233 144
1000234 238
1000235 69
1000235 121
1000236 72
1000236 292
1000237 70
1000237 143
1000238 72
1000238 144
1000239 73
1000239 143
1000240 70
1000240 144
1000241 121
1000241 222
1000242 221
1000242 277
1000243 220
1000243 262
1000244 109
1000244 221
1000245 223
1000245 243
1000246 220
1000247 74
1000247 75
1000247 262
1000248 77
1000248 121
1000248 224
1000249 37
1000249 76
1000250 77
1000250 223
1000251 224
1000251 277
1000252 109
1000252 264
1000253 76
1000253 235
1000254 109
1000254 184
1000255 99
1000255 184
1000255 262
1000256 107
1000256 111
1000256 116
1000257 76
1000257 106
1000257 121
1000257 277
1000258 142
1000258 158
1000259 43
1000259 80
1000259 144
1000260 245
1000260 283
1000261 251
1000262 82
1000262 133
1000263 171
1000263 262
1000263 277
1000264 39
1000264 82
1000265 48
1000266 39
1000266 109
1000267 44
1000267 80
1000268 43
1000268 131
1000269 44
1000269 121
1000270 41
1000270 142
1000271 25
1000271 80
1000272 56
1000272 282
1000273 56
1000273 140
1000274 262
1000274 263
1000275 80
1000275 109
1000275 266
1000276 110
1000276 245
1000277 239
1000277 278
1000278 112
1000278 245
1000279 244
1000279 262
1000280 76
1000280 277
1000281 67
1000281 182
1000282 58
1000282 277
1000283 64
1000283 67
1000284 27
1000285 28
1000285 80
1000286 29
1000286 75
1000286 262
1000287 27
1000287 77
1000287 116
1000288 28
1000288 75
1000288 262
1000289 58
1000289 235
1000290 29
1000291 68
1000291 121
1000291 277
1000292 36
1000292 75
1000292 121
1000292 262
1000293 109
1000293 111
1000294 65
1000295 62
1000295 65
1000296 31
1000296 58
1000297 75
1000297 160
1000297 262
1000298 68
1000298 77
1000298 239
1000299 59
1000299 62
1000300 269
1000300 277
1000301 67
1000301 77
1000302 268
1000302 277
1000303 63
1000304 109
1000304 268
1000305 57
1000305 58
1000306 109
1000306 162
1000307 47
1000307 109
1000308 83
1000309 126
1000309 262
1000310 109
1000310 127
1000311 125
1000311 142
1000312 109
1000312 126
1000312 141
1000313 83
1000313 121
1000314 57
1000314 123
1000315 162
1000316 63
1000317 43
1000317 127
1000318 47
1000318 121
1000319 80
1000319 169
1000320 254
1000320 278
1000321 181
1000321 217
1000322 82
1000322 169
1000323 75
1000323 97
1000324 77
1000324 281
1000325 95
1000325 277
1000326 77
1000326 97
1000327 128
1000327 183
1000328 109
1000328 170
1000329 185
1000329 277
1000330 77
1000330 286
1000331 46
1000331 75
1000332 77
1000332 185
1000333 1
1000333 7
1000334 109
1000334 285
1000335 82
1000335 166
1000336 119
1000336 179
1000337 61
1000337 109
1000337 239
1000338 62
1000338 137
1000339 109
1000339 145
1000339 278
1000340 109
1000340 137
1000341 110
1000341 146
1000342 75
1000342 150
1000343 77
1000343 148
1000344 38
1000344 291
1000345 262
1000345 290
1000346 75
1000346 149
1000347 23
1000348 22
1000349 20
1000349 143
1000350 23
1000350 144
1000351 43
1000351 130
1000352 21
1000352 121
1000353 21
1000353 109
1000354 20
1000355 42
1000355 109
1000355 145
1000356 109
1000356 138
1000357 22
1000357 80
1000358 42
1000358 278
1000359 20
1000359 141
1000360 23
1000360 142
1000361 75
1000361 148
1000362 109
1000362 209
1000362 265
1000363 154
1000364 155
1000365 75
1000365 157
1000366 77
1000366 151
1000367 75
1000367 151
1000368 77
1000368 156
1000369 216
1000369 262
1000370 38
1000370 293
1000371 156
1000371 277
1000372 75
1000372 81
1000372 121
1000372 262
1000373 75
1000373 81
1000373 262
1000374 77
1000374 145
1000374 157
1000375 158
1000375 159
