1 1000267
1 1000268
1 1000270
1 1000813
3 1000527
3 1000530
4 1000532
4 1000533
4 1000537
5 1000196
5 1000198
5 1000200
5 1000207
5 1000256
5 1000723
5 1000898
6 1000196
6 1000198
6 1000200
7 1000195
7 1000197
7 1000202
7 1000204
7 1000218
7 1000460
7 1000466
7 1000469
7 1000520
7 1000521
7 1000534
7 1000554
7 1000563
7 1000564
7 1000568
7 1000574
8 1000110
8 1000112
8 1000197
8 1000199
8 1000208
8 1000519
8 1000529
8 1000548
8 1000909
9 1000407
10 1000401
12 1000184
12 1000187
13 1000193
13 1000668
14 1000746
14 1000747
15 1000898
16 1000201
16 1000206
17 1000205
17 1000211
18 1000297
19 1000209
19 1000210
20 1000400
21 1000293
21 1000749
22 1000756
23 1000608
24 1000393
25 1000402
26 1000403
27 1000394
27 1000404
28 1000395
29 1000396
30 1000397
31 1000398
32 1000406
33 1000013
33 1000014
34 1000009
34 1000010
35 1000017
35 1000018
36 1000892
37 1000953
38 1000876
38 1000877
38 1000882
39 1000067
39 1000069
39 1000072
40 1000775
40 1000778
41 1000771
41 1000776
42 1000070
42 1000073
43 1000774
43 1000779
51 1000170
51 1000171
52 1000728
52 1000729
52 1000734
52 1000740
53 1000736
53 1000738
53 1000739
54 1000164
54 1000165
55 1000166
55 1000169
56 1000748
56 1000749
57 1000064
57 1000075
58 1000873
58 1000874
58 1000875
58 1000881
59 1000140
59 1000141
60 1000065
60 1000066
60 1000068
61 1000163
61 1000168
62 1000041
62 1000042
63 1000004
63 1000061
64 1000049
64 1000050
65 1000589
65 1000590
65 1000593
65 1000595
66 1000498
66 1000499
67 1000742
67 1000743
68 1000919
69 1000334
69 1000448
69 1000921
70 1000800
71 1000939
72 1000706
73 1000782
74 1000308
74 1000312
75 1000823
75 1000824
76 1000822
77 1000825
77 1000827
78 1000309
79 1000639
80 1000703
82 1000502
82 1000503
82 1000506
82 1000833
82 1000837
83 1000507
83 1000508
84 1000003
84 1000036
85 1000002
86 1000524
86 1000526
88 1000110
88 1000111
88 1000112
88 1000117
88 1000119
88 1000221
88 1000222
88 1000910
89 1000922
90 1000940
91 1000826
92 1000923
93 1000228
93 1000232
94 1000086
94 1000097
95 1000363
95 1000379
95 1000410
95 1000412
95 1000934
96 1000412
96 1000414
97 1000081
97 1000082
97 1000090
98 1000765
99 1000777
99 1000780
100 1000708
101 1000245
101 1000246
102 1000330
103 1000327
104 1000328
105 1000329
106 1000326
107 1000325
108 1000938
109 1000438
109 1000444
110 1000767
111 1000713
111 1000718
112 1000092
112 1000099
113 1000074
113 1000915
113 1000933
114 1000071
114 1000076
114 1000077
114 1000078
114 1000080
114 1000089
114 1000093
114 1000100
114 1000102
114 1000108
114 1000116
114 1000121
114 1000137
114 1000259
114 1000273
114 1000293
114 1000317
114 1000323
114 1000439
114 1000598
114 1000712
114 1000720
114 1000769
114 1000858
114 1000869
114 1000880
115 1000768
115 1000772
116 1000109
116 1000111
116 1000216
116 1000223
116 1000298
117 1000302
118 1000788
118 1000896
119 1000510
119 1000512
120 1000797
121 1000848
121 1000857
122 1000903
123 1000426
123 1000436
124 1000427
124 1000428
125 1000549
125 1000908
126 1000766
126 1000770
127 1000333
128 1000015
128 1000056
132 1000011
132 1000058
133 1000043
133 1000054
134 1000019
134 1000034
136 1000051
136 1000052
137 1000005
137 1000006
139 1000219
139 1000220
139 1000565
140 1000115
140 1000118
140 1000120
141 1000433
141 1000434
142 1000240
142 1000247
143 1000244
144 1000121
145 1000130
145 1000133
146 1000136
146 1000137
147 1000135
147 1000142
148 1000139
149 1000324
149 1000332
150 1000128
150 1000129
151 1000145
152 1000146
152 1000240
153 1000624
154 1000442
154 1000443
155 1000277
155 1000282
157 1000846
157 1000853
158 1000821
158 1000828
158 1000833
158 1000846
159 1000830
160 1000001
160 1000501
160 1000504
161 1000289
161 1000422
161 1000502
161 1000622
161 1000745
162 1000227
162 1000229
162 1000290
162 1000501
162 1000621
162 1000689
162 1000746
162 1000834
163 1000844
163 1000855
164 1000714
164 1000719
165 1000084
165 1000095
166 1000085
166 1000096
167 1000820
168 1000715
168 1000720
169 1000831
169 1000834
170 1000690
171 1000000
172 1000682
173 1000688
174 1000310
174 1000586
174 1000758
174 1000805
174 1000818
174 1000820
174 1000829
174 1000838
174 1000840
174 1000860
174 1000861
175 1000835
176 1000643
177 1000645
177 1000646
178 1000514
178 1000515
179 1000644
180 1000647
181 1000225
181 1000226
181 1000425
182 1000431
182 1000435
183 1000106
183 1000166
183 1000170
183 1000172
183 1000191
183 1000194
183 1000206
183 1000212
183 1000220
183 1000225
183 1000230
183 1000243
183 1000249
183 1000251
183 1000252
183 1000282
183 1000286
183 1000291
183 1000343
183 1000345
183 1000346
183 1000365
183 1000367
183 1000368
183 1000375
183 1000377
183 1000386
183 1000417
183 1000419
183 1000421
183 1000433
183 1000502
183 1000507
183 1000509
183 1000532
183 1000552
183 1000560
183 1000566
183 1000578
183 1000583
183 1000606
183 1000613
183 1000616
183 1000633
183 1000675
183 1000676
183 1000694
183 1000763
183 1000785
183 1000787
183 1000803
183 1000807
183 1000809
183 1000811
183 1000825
183 1000836
183 1000871
183 1000884
183 1000888
183 1000896
183 1000910
183 1000925
183 1000947
184 1000001
184 1000039
184 1000097
184 1000146
184 1000150
184 1000191
184 1000232
184 1000245
184 1000247
184 1000248
184 1000250
184 1000254
184 1000276
184 1000353
184 1000561
184 1000655
184 1000696
184 1000819
184 1000929
185 1000000
185 1000038
185 1000094
185 1000107
185 1000145
185 1000149
185 1000165
185 1000169
185 1000171
185 1000190
185 1000194
185 1000205
185 1000207
185 1000213
185 1000221
185 1000224
185 1000229
185 1000231
185 1000242
185 1000244
185 1000246
185 1000248
185 1000253
185 1000275
185 1000281
185 1000285
185 1000291
185 1000292
185 1000295
185 1000296
185 1000297
185 1000303
185 1000305
185 1000335
185 1000342
185 1000344
185 1000349
185 1000350
185 1000352
185 1000359
185 1000364
185 1000366
185 1000369
185 1000370
185 1000372
185 1000374
185 1000376
185 1000385
185 1000416
185 1000418
185 1000420
185 1000423
185 1000432
185 1000445
185 1000459
185 1000462
185 1000501
185 1000505
185 1000506
185 1000508
185 1000531
185 1000551
185 1000555
185 1000558
185 1000559
185 1000577
185 1000582
185 1000605
185 1000607
185 1000608
185 1000612
185 1000615
185 1000632
185 1000654
185 1000658
185 1000674
185 1000693
185 1000699
185 1000703
185 1000724
185 1000726
185 1000749
185 1000750
185 1000753
185 1000754
185 1000756
185 1000757
185 1000762
185 1000784
185 1000802
185 1000806
185 1000808
185 1000810
185 1000824
185 1000826
185 1000830
185 1000835
185 1000840
185 1000859
185 1000870
185 1000883
185 1000885
185 1000887
185 1000893
185 1000895
185 1000909
185 1000924
185 1000927
185 1000928
185 1000935
185 1000936
185 1000946
185 1000949
185 1000955
186 1000303
186 1000304
186 1000345
186 1000786
187 1000334
187 1000337
188 1000511
188 1000702
188 1000797
188 1000801
188 1000905
189 1000447
189 1000448
190 1000344
190 1000449
190 1000512
190 1000906
191 1000075
191 1000099
191 1000132
191 1000172
191 1000215
191 1000238
191 1000315
191 1000321
191 1000339
191 1000341
191 1000349
191 1000352
191 1000516
191 1000582
191 1000763
191 1000772
191 1000822
191 1000865
191 1000873
191 1000892
191 1000946
192 1000336
192 1000346
192 1000388
192 1000446
192 1000706
192 1000751
192 1000800
192 1000807
193 1000006
193 1000034
193 1000038
193 1000046
193 1000052
193 1000054
193 1000056
193 1000058
193 1000081
193 1000104
193 1000107
193 1000149
193 1000168
193 1000179
193 1000342
193 1000452
193 1000486
193 1000496
193 1000604
193 1000658
193 1000679
193 1000681
193 1000711
193 1000774
193 1000787
193 1000866
195 1000751
195 1000785
196 1000752
196 1000786
197 1000847
197 1000854
198 1000430
198 1000441
198 1000465
198 1000470
199 1000505
200 1000459
200 1000552
200 1000553
200 1000561
200 1000562
200 1000761
201 1000456
201 1000457
202 1000458
203 1000465
203 1000469
203 1000479
203 1000483
203 1000551
203 1000557
203 1000560
204 1000513
204 1000518
205 1000494
205 1000495
206 1000484
206 1000485
206 1000493
207 1000555
208 1000517
208 1000525
208 1000556
209 1000438
210 1000387
210 1000730
211 1000476
211 1000477
212 1000475
212 1000480
213 1000750
213 1000784
214 1000461
214 1000462
214 1000464
214 1000888
215 1000463
215 1000468
215 1000516
216 1000460
216 1000466
217 1000461
217 1000467
217 1000470
218 1000138
218 1000143
219 1000900
220 1000020
220 1000022
220 1000024
220 1000026
220 1000028
220 1000030
220 1000032
220 1000139
220 1000152
220 1000580
220 1000593
220 1000636
220 1000659
220 1000812
220 1000817
220 1000886
220 1000900
221 1000021
221 1000023
221 1000025
221 1000027
221 1000029
221 1000031
221 1000033
221 1000140
221 1000581
221 1000594
221 1000637
222 1000884
222 1000885
223 1000628
224 1000151
224 1000251
224 1000253
224 1000453
224 1000477
224 1000633
224 1000698
225 1000472
225 1000473
225 1000474
226 1000543
226 1000545
227 1000471
227 1000482
227 1000544
229 1000408
230 1000392
230 1000399
230 1000400
230 1000401
230 1000402
230 1000403
230 1000404
230 1000409
230 1000478
230 1000481
232 1000632
232 1000634
232 1000839
233 1000250
233 1000252
233 1000452
233 1000640
233 1000641
233 1000642
233 1000648
233 1000654
233 1000697
234 1000176
234 1000503
234 1000674
234 1000676
234 1000709
234 1000917
234 1000945
235 1000008
235 1000012
235 1000016
235 1000036
235 1000040
235 1000048
235 1000060
235 1000062
235 1000073
235 1000080
235 1000083
235 1000085
235 1000087
235 1000088
235 1000101
235 1000103
235 1000113
235 1000123
235 1000125
235 1000133
235 1000135
235 1000139
235 1000141
235 1000147
235 1000148
235 1000153
235 1000157
235 1000159
235 1000160
235 1000167
235 1000177
235 1000185
235 1000189
235 1000233
235 1000235
235 1000237
235 1000239
235 1000254
235 1000255
235 1000257
235 1000262
235 1000264
235 1000267
235 1000272
235 1000283
235 1000289
235 1000299
235 1000300
235 1000301
235 1000302
235 1000306
235 1000315
235 1000349
235 1000352
235 1000355
235 1000356
235 1000357
235 1000358
235 1000360
235 1000361
235 1000371
235 1000373
235 1000382
235 1000424
235 1000427
235 1000430
235 1000450
235 1000456
235 1000457
235 1000458
235 1000482
235 1000499
235 1000504
235 1000510
235 1000513
235 1000524
235 1000527
235 1000569
235 1000571
235 1000572
235 1000576
235 1000589
235 1000599
235 1000609
235 1000625
235 1000642
235 1000643
235 1000648
235 1000649
235 1000650
235 1000656
235 1000660
235 1000665
235 1000666
235 1000671
235 1000673
235 1000674
235 1000686
235 1000695
235 1000699
235 1000700
235 1000701
235 1000705
235 1000708
235 1000714
235 1000716
235 1000719
235 1000722
235 1000726
235 1000729
235 1000742
235 1000743
235 1000755
235 1000757
235 1000759
235 1000761
235 1000764
235 1000765
235 1000773
235 1000777
235 1000780
235 1000791
235 1000793
235 1000798
235 1000804
235 1000812
235 1000814
235 1000815
235 1000829
235 1000830
235 1000832
235 1000842
235 1000843
235 1000845
235 1000848
235 1000849
235 1000851
235 1000878
235 1000889
235 1000897
235 1000911
235 1000912
235 1000914
235 1000920
235 1000921
235 1000922
235 1000923
235 1000932
235 1000933
235 1000937
235 1000938
235 1000939
235 1000940
235 1000948
235 1000950
235 1000958
236 1000591
236 1000669
236 1000670
237 1000693
238 1000635
238 1000697
238 1000700
238 1000832
239 1000694
240 1000707
240 1000744
242 1000093
242 1000094
243 1000079
244 1000044
244 1000063
245 1000287
246 1000662
247 1000294
247 1000541
247 1000550
247 1000869
247 1000908
247 1000957
249 1000258
249 1000264
249 1000354
250 1000348
250 1000353
251 1000272
251 1000276
252 1000273
252 1000275
252 1000281
252 1000350
252 1000584
252 1000609
252 1000697
252 1000824
253 1000278
253 1000279
254 1000350
254 1000351
255 1000673
256 1000357
256 1000358
256 1000607
256 1000684
256 1000751
257 1000355
258 1000070
258 1000086
258 1000092
258 1000101
258 1000103
258 1000115
258 1000122
258 1000138
258 1000224
258 1000229
258 1000260
258 1000262
258 1000274
258 1000276
258 1000294
258 1000316
258 1000322
258 1000484
258 1000500
258 1000501
258 1000506
258 1000508
258 1000597
258 1000603
258 1000607
258 1000610
258 1000612
258 1000614
258 1000615
258 1000619
258 1000713
258 1000721
258 1000768
258 1000816
258 1000854
258 1000857
258 1000859
258 1000868
258 1000879
259 1000616
259 1000617
260 1000260
260 1000261
260 1000263
260 1000266
260 1000618
260 1000814
260 1000815
261 1000076
261 1000077
261 1000275
261 1000307
261 1000349
261 1000483
261 1000613
261 1000699
261 1000757
261 1000829
261 1000830
261 1000853
261 1000955
262 1000664
263 1000661
263 1000665
264 1000852
265 1000850
265 1000851
266 1000849
266 1000858
267 1000672
267 1000682
267 1000687
267 1000688
267 1000690
267 1000692
267 1000890
268 1000280
268 1000285
268 1000671
268 1000678
268 1000680
269 1000071
270 1000769
272 1000089
272 1000709
272 1000710
273 1000154
273 1000155
273 1000338
273 1000340
274 1000683
274 1000689
274 1000691
274 1000726
276 1000259
276 1000265
276 1000347
276 1000600
276 1000781
277 1000317
278 1000269
278 1000271
278 1000812
278 1000817
280 1000114
280 1000290
280 1000309
280 1000672
280 1000902
280 1000904
280 1000905
280 1000907
280 1000911
280 1000913
281 1000284
281 1000930
281 1000932
283 1000323
284 1000880
284 1000956
285 1000724
286 1000702
288 1000002
288 1000004
288 1000010
288 1000014
288 1000018
288 1000036
288 1000042
288 1000044
288 1000050
288 1000069
288 1000079
288 1000088
288 1000090
288 1000101
288 1000117
288 1000123
288 1000136
288 1000155
288 1000162
288 1000218
288 1000261
288 1000263
288 1000269
288 1000280
288 1000320
288 1000338
288 1000381
288 1000441
288 1000443
288 1000450
288 1000454
288 1000497
288 1000539
288 1000548
288 1000595
288 1000700
288 1000716
288 1000718
288 1000738
288 1000739
288 1000743
288 1000770
288 1000775
288 1000816
288 1000851
288 1000882
289 1000003
289 1000005
289 1000011
289 1000015
289 1000019
289 1000037
289 1000043
289 1000045
289 1000051
289 1000068
289 1000076
289 1000078
289 1000089
289 1000091
289 1000100
289 1000118
289 1000124
289 1000135
289 1000156
289 1000219
289 1000262
289 1000268
289 1000279
289 1000321
289 1000339
289 1000380
289 1000442
289 1000444
289 1000451
289 1000455
289 1000473
289 1000498
289 1000540
289 1000549
289 1000596
289 1000717
289 1000719
289 1000737
289 1000740
289 1000744
289 1000776
289 1000815
289 1000852
289 1000881
290 1000067
290 1000085
290 1000087
290 1000103
290 1000119
290 1000125
290 1000148
290 1000164
290 1000227
290 1000271
290 1000278
290 1000340
290 1000384
290 1000429
290 1000502
290 1000515
290 1000517
290 1000602
290 1000618
290 1000635
290 1000645
290 1000647
290 1000704
290 1000736
290 1000742
290 1000748
290 1000793
290 1000876
291 1000066
291 1000077
291 1000084
291 1000086
291 1000102
291 1000120
291 1000126
291 1000163
291 1000226
291 1000270
291 1000277
291 1000325
291 1000326
291 1000327
291 1000341
291 1000383
291 1000428
291 1000474
291 1000501
291 1000516
291 1000518
291 1000543
291 1000601
291 1000617
291 1000634
291 1000644
291 1000646
291 1000735
291 1000741
291 1000747
291 1000792
291 1000875
291 1000903
292 1000100
292 1000102
292 1000186
292 1000238
292 1000313
292 1000352
292 1000582
292 1000611
292 1000612
292 1000622
292 1000635
292 1000687
292 1000806
292 1000912
292 1000915
292 1000933
293 1000127
293 1000131
293 1000325
293 1000326
293 1000327
293 1000440
293 1000590
293 1000627
293 1000629
293 1000661
293 1000799
293 1000918
293 1000950
294 1000917
296 1000860
297 1000924
298 1000683
299 1000936
300 1000925
301 1000530
301 1000809
301 1000810
301 1000941
301 1000942
301 1000943
302 1000492
303 1000390
303 1000391
303 1000405
303 1000490
303 1000491
303 1000944
304 1000534
304 1000536
304 1000538
305 1000389
305 1000522
305 1000528
305 1000529
305 1000533
305 1000535
306 1000808
307 1000489
307 1000521
307 1000537
307 1000806
307 1000811
307 1000955
308 1000699
308 1000862
312 1000836
312 1000837
313 1000598
313 1000599
313 1000614
314 1000087
314 1000088
315 1000711
315 1000712
317 1000399
318 1000845
318 1000856
319 1000311
320 1000488
320 1000489
320 1000496
321 1000391
321 1000405
322 1000604
322 1000605
323 1000601
323 1000606
324 1000597
324 1000602
325 1000486
325 1000487
326 1000755
327 1000585
327 1000588
328 1000611
331 1000863
331 1000906
332 1000437
334 1000677
334 1000679
335 1000439
336 1000113
336 1000116
337 1000336
338 1000446
339 1000681
339 1000684
339 1000914
340 1000865
340 1000866
341 1000889
342 1000328
342 1000329
342 1000330
342 1000794
342 1000795
342 1000796
342 1000891
343 1000782
343 1000783
344 1000621
345 1000104
346 1000324
347 1000159
347 1000160
348 1000083
349 1000030
349 1000035
350 1000228
351 1000131
351 1000321
351 1000322
353 1000147
354 1000381
354 1000511
354 1000578
354 1000580
354 1000638
355 1000033
355 1000062
356 1000012
356 1000027
358 1000025
358 1000040
360 1000008
360 1000031
362 1000021
362 1000048
364 1000023
364 1000060
365 1000016
365 1000029
368 1000148
368 1000215
368 1000288
368 1000450
368 1000455
368 1000931
369 1000239
370 1000149
370 1000451
370 1000452
370 1000600
370 1000692
370 1000715
371 1000134
372 1000045
372 1000046
372 1000167
374 1000007
374 1000035
374 1000047
374 1000053
374 1000055
374 1000057
374 1000059
374 1000080
374 1000150
374 1000157
374 1000167
374 1000179
374 1000180
374 1000343
374 1000453
374 1000485
374 1000495
374 1000603
374 1000620
374 1000678
374 1000705
374 1000710
374 1000764
374 1000773
374 1000867
376 1000178
376 1000179
377 1000638
377 1000639
379 1000187
379 1000193
379 1000363
379 1000818
380 1000185
380 1000188
380 1000189
380 1000190
380 1000192
380 1000890
381 1000789
382 1000695
382 1000698
383 1000894
383 1000895
384 1000234
384 1000235
385 1000233
385 1000954
388 1000255
388 1000570
388 1000571
389 1000310
391 1000663
392 1000176
392 1000870
393 1000958
394 1000300
396 1000032
396 1000059
398 1000306
399 1000347
399 1000583
399 1000584
402 1000178
402 1000179
403 1000944
404 1000392
405 1000335
406 1000307
406 1000313
406 1000318
406 1000331
407 1000158
407 1000342
408 1000627
409 1000685
409 1000686
410 1000359
410 1000360
411 1000356
412 1000364
412 1000367
413 1000366
414 1000365
415 1000305
415 1000370
416 1000369
416 1000371
417 1000368
418 1000374
418 1000377
419 1000376
420 1000375
421 1000385
422 1000386
423 1000416
423 1000419
424 1000418
424 1000425
425 1000417
426 1000420
427 1000422
427 1000423
428 1000421
428 1000424
429 1000757
429 1000859
430 1000026
430 1000055
432 1000361
432 1000362
433 1000373
434 1000378
436 1000411
436 1000413
436 1000415
437 1000372
438 1000754
439 1000105
439 1000867
441 1000622
442 1000651
442 1000652
443 1000650
444 1000649
445 1000231
445 1000653
446 1000224
447 1000563
447 1000567
448 1000173
450 1000388
452 1000393
452 1000406
452 1000407
453 1000394
453 1000395
453 1000396
453 1000397
453 1000398
454 1000389
454 1000390
454 1000408
454 1000409
456 1000454
457 1000445
459 1000564
461 1000387
461 1000707
462 1000918
464 1000497
465 1000509
466 1000134
466 1000153
466 1000354
466 1000696
466 1000828
467 1000174
468 1000546
469 1000658
469 1000717
470 1000716
470 1000721
471 1000941
472 1000659
473 1000497
473 1000500
473 1000669
473 1000727
473 1000730
473 1000739
474 1000732
474 1000733
475 1000384
475 1000577
475 1000579
476 1000383
477 1000202
477 1000203
477 1000380
477 1000382
477 1000554
477 1000581
478 1000301
479 1000288
479 1000289
479 1000542
479 1000608
479 1000620
479 1000630
479 1000835
479 1000931
480 1000570
480 1000573
484 1000522
485 1000523
486 1000574
486 1000575
487 1000576
488 1000569
489 1000653
490 1000539
490 1000799
491 1000623
492 1000144
492 1000180
492 1000182
492 1000238
492 1000540
492 1000541
492 1000705
492 1000952
493 1000379
493 1000660
493 1000668
493 1000838
494 1000666
494 1000667
498 1000127
498 1000132
501 1000631
502 1000184
503 1000183
503 1000186
503 1000701
504 1000161
504 1000162
504 1000181
504 1000704
505 1000172
505 1000173
505 1000546
506 1000315
506 1000316
507 1000745
507 1000764
507 1000773
507 1000878
507 1000879
507 1000957
509 1000007
509 1000024
510 1000108
510 1000864
513 1000572
516 1000722
517 1000610
517 1000725
518 1000727
518 1000731
518 1000735
518 1000737
518 1000741
520 1000022
520 1000053
520 1000623
521 1000759
522 1000758
523 1000028
523 1000057
525 1000547
529 1000531
530 1000566
531 1000586
531 1000591
531 1000594
531 1000596
532 1000587
532 1000592
533 1000001
533 1000106
533 1000114
533 1000151
533 1000172
533 1000183
533 1000188
533 1000192
533 1000218
533 1000225
533 1000230
533 1000278
533 1000284
533 1000343
533 1000351
533 1000362
533 1000378
533 1000431
533 1000436
533 1000453
533 1000478
533 1000502
533 1000507
533 1000509
533 1000564
533 1000573
533 1000585
533 1000598
533 1000602
533 1000613
533 1000618
533 1000651
533 1000657
533 1000667
533 1000675
533 1000676
533 1000698
533 1000786
533 1000807
533 1000825
533 1000836
533 1000850
533 1000871
533 1000926
533 1000947
534 1000156
534 1000157
534 1000274
534 1000343
534 1000762
534 1000871
535 1000091
535 1000098
538 1000789
538 1000791
539 1000037
539 1000038
540 1000020
540 1000039
540 1000901
540 1000902
541 1000753
543 1000796
544 1000795
546 1000449
546 1000794
546 1000904
547 1000283
547 1000286
548 1000212
548 1000217
548 1000299
548 1000430
548 1000434
548 1000763
549 1000798
550 1000843
551 1000841
551 1000842
552 1000625
553 1000628
554 1000257
555 1000657
556 1000655
556 1000656
557 1000314
557 1000319
557 1000320
559 1000629
561 1000802
562 1000440
562 1000803
563 1000039
563 1000095
563 1000150
563 1000174
563 1000241
563 1000276
563 1000337
563 1000353
563 1000447
563 1000490
563 1000528
563 1000538
563 1000587
563 1000801
563 1000804
563 1000819
563 1000821
563 1000839
563 1000841
563 1000862
563 1000886
563 1000894
564 1000074
564 1000144
564 1000213
564 1000214
564 1000332
564 1000339
564 1000341
564 1000542
564 1000687
564 1000864
564 1000868
564 1000870
564 1000872
564 1000907
564 1000912
564 1000956
565 1000565
566 1000304
566 1000943
567 1000883
568 1000411
568 1000413
568 1000415
568 1000887
569 1000429
569 1000432
570 1000783
571 1000901
572 1000918
573 1000107
573 1000124
573 1000126
573 1000152
573 1000182
573 1000685
573 1000915
574 1000122
574 1000123
574 1000125
575 1000105
575 1000106
575 1000151
575 1000630
575 1000680
576 1000897
577 1000893
577 1000916
578 1000677
578 1000791
578 1000793
578 1000913
579 1000789
579 1000790
579 1000792
581 1000230
582 1000691
583 1000928
584 1000241
584 1000242
585 1000243
585 1000929
587 1000788
587 1000790
587 1000942
588 1000926
588 1000927
588 1000935
589 1000934
590 1000920
592 1000937
594 1000805
594 1000945
595 1000950
596 1000236
596 1000265
596 1000946
596 1000952
597 1000947
597 1000948
598 1000236
598 1000237
598 1000951
599 1000949
600 1000626
601 1000861
1000000 160
1000000 184
1000000 533
1000001 171
1000001 185
1000002 84
1000002 289
1000003 85
1000003 288
1000004 137
1000004 289
1000005 63
1000005 288
1000006 374
1000006 509
1000007 137
1000007 193
1000008 34
1000009 235
1000009 360
1000010 132
1000010 289
1000011 34
1000011 288
1000012 33
1000013 235
1000013 356
1000014 128
1000014 289
1000015 33
1000015 288
1000016 35
1000017 235
1000017 365
1000018 134
1000018 289
1000019 35
1000019 288
1000020 221
1000020 362
1000021 220
1000021 540
1000022 221
1000022 364
1000023 220
1000023 520
1000024 221
1000024 358
1000025 220
1000025 509
1000026 221
1000026 356
1000027 220
1000027 430
1000028 221
1000028 365
1000029 220
1000029 523
1000030 221
1000030 360
1000031 220
1000031 349
1000032 221
1000032 355
1000033 220
1000033 396
1000034 349
1000034 374
1000035 134
1000035 193
1000036 289
1000036 539
1000037 84
1000037 235
1000037 288
1000038 184
1000038 540
1000038 563
1000039 185
1000039 193
1000039 539
1000040 62
1000041 235
1000041 358
1000042 133
1000042 289
1000043 62
1000043 288
1000044 289
1000044 372
1000045 244
1000045 288
1000046 374
1000047 193
1000047 372
1000048 64
1000049 235
1000049 362
1000050 136
1000050 289
1000051 64
1000051 288
1000052 374
1000052 520
1000053 136
1000053 193
1000054 374
1000054 430
1000055 133
1000055 193
1000056 374
1000056 523
1000057 128
1000057 193
1000058 374
1000058 396
1000059 132
1000059 193
1000060 63
1000061 235
1000061 364
1000062 244
1000063 235
1000063 355
1000064 60
1000065 57
1000066 39
1000066 290
1000067 60
1000067 291
1000068 39
1000068 288
1000069 60
1000069 289
1000070 114
1000070 269
1000071 42
1000071 258
1000072 42
1000072 235
1000073 39
1000074 57
1000074 191
1000075 113
1000075 564
1000076 258
1000076 288
1000077 258
1000077 290
1000078 243
1000078 288
1000079 114
1000079 289
1000080 97
1000080 193
1000081 114
1000081 235
1000081 374
1000082 235
1000082 348
1000083 97
1000084 166
1000084 235
1000084 290
1000085 165
1000085 291
1000086 235
1000086 290
1000086 314
1000087 94
1000087 258
1000087 291
1000088 114
1000088 272
1000088 289
1000089 235
1000089 288
1000089 314
1000090 289
1000090 535
1000091 97
1000091 288
1000092 114
1000092 242
1000093 112
1000093 258
1000094 165
1000094 563
1000095 185
1000095 242
1000096 94
1000096 184
1000097 166
1000098 112
1000098 191
1000099 535
1000100 235
1000100 258
1000100 288
1000101 114
1000101 289
1000101 292
1000102 235
1000102 258
1000102 290
1000103 114
1000103 291
1000103 292
1000104 439
1000104 575
1000105 193
1000105 345
1000106 185
1000106 193
1000106 573
1000107 183
1000107 533
1000107 575
1000108 191
1000108 345
1000109 8
1000109 88
1000110 116
1000111 8
1000111 88
1000112 88
1000112 116
1000113 280
1000113 533
1000114 235
1000114 336
1000115 114
1000115 336
1000116 140
1000116 258
1000117 140
1000117 289
1000118 88
1000118 288
1000119 140
1000119 291
1000120 88
1000120 290
1000121 258
1000121 574
1000122 114
1000122 144
1000123 289
1000123 573
1000124 235
1000124 288
1000124 574
1000125 291
1000125 573
1000126 235
1000126 290
1000126 574
1000127 150
1000128 293
1000128 498
1000129 145
1000130 150
1000131 191
1000131 498
1000132 293
1000132 351
1000133 371
1000133 466
1000134 145
1000134 235
1000135 146
1000135 288
1000136 147
1000136 235
1000136 289
1000137 218
1000137 258
1000138 114
1000138 146
1000139 59
1000139 221
1000140 148
1000140 220
1000140 235
1000141 147
1000142 59
1000142 235
1000143 492
1000143 564
1000144 218
1000145 152
1000145 184
1000146 151
1000146 185
1000147 352
1000147 533
1000148 291
1000148 370
1000149 184
1000149 374
1000149 563
1000150 185
1000150 193
1000150 370
1000151 193
1000151 233
1000151 573
1000152 221
1000152 466
1000153 273
1000154 235
1000154 466
1000155 289
1000155 534
1000156 273
1000156 288
1000157 193
1000157 407
1000158 235
1000158 347
1000159 407
1000160 504
1000161 235
1000161 347
1000162 114
1000162 191
1000162 289
1000163 54
1000163 290
1000164 61
1000164 291
1000165 55
1000165 183
1000166 54
1000166 185
1000167 61
1000167 193
1000168 235
1000168 372
1000168 374
1000169 51
1000169 183
1000170 55
1000170 185
1000171 183
1000171 191
1000171 505
1000171 533
1000172 51
1000172 185
1000173 467
1000173 563
1000174 448
1000174 505
1000175 458
1000175 563
1000176 235
1000177 234
1000177 392
1000178 376
1000179 193
1000179 374
1000179 376
1000179 402
1000180 193
1000180 273
1000181 492
1000181 573
1000182 504
1000183 12
1000183 502
1000184 503
1000184 533
1000185 292
1000185 503
1000186 235
1000186 380
1000187 380
1000187 533
1000188 12
1000188 379
1000189 379
1000189 568
1000190 183
1000190 184
1000191 185
1000191 380
1000192 13
1000192 379
1000193 380
1000193 533
1000194 183
1000194 185
1000195 5
1000195 6
1000196 7
1000197 5
1000197 6
1000198 7
1000198 8
1000199 5
1000199 6
1000200 8
1000201 7
1000201 477
1000202 16
1000203 7
1000204 477
1000205 16
1000205 183
1000206 17
1000206 185
1000207 8
1000207 183
1000208 19
1000209 8
1000210 17
1000211 19
1000212 185
1000212 564
1000213 183
1000213 548
1000214 191
1000214 368
1000215 564
1000216 548
1000217 116
1000218 139
1000218 289
1000219 7
1000219 288
1000219 533
1000220 88
1000220 185
1000221 139
1000221 183
1000222 116
1000223 88
1000224 181
1000224 183
1000224 533
1000225 185
1000225 258
1000225 446
1000226 162
1000226 290
1000227 181
1000227 291
1000228 446
1000228 563
1000229 183
1000229 533
1000229 581
1000230 162
1000230 185
1000230 258
1000231 93
1000231 184
1000232 185
1000232 445
1000233 384
1000234 235
1000234 385
1000235 596
1000235 598
1000236 235
1000236 384
1000237 191
1000237 292
1000237 492
1000238 235
1000238 598
1000239 292
1000239 370
1000240 563
1000240 584
1000241 142
1000241 152
1000242 183
1000242 585
1000243 185
1000243 584
1000244 101
1000244 184
1000245 143
1000245 185
1000246 142
1000246 184
1000247 101
1000247 185
1000248 183
1000249 184
1000249 185
1000250 183
1000250 224
1000251 184
1000251 233
1000252 185
1000252 224
1000253 183
1000253 233
1000254 238
1000254 292
1000255 5
1000256 235
1000256 388
1000257 184
1000257 185
1000258 276
1000258 596
1000259 258
1000259 260
1000260 114
1000260 276
1000261 235
1000261 258
1000261 289
1000262 260
1000262 288
1000263 235
1000263 258
1000264 276
1000264 596
1000265 235
1000265 249
1000266 1
1000266 235
1000267 260
1000268 278
1000268 288
1000269 1
1000269 289
1000270 278
1000270 290
1000271 1
1000271 291
1000272 252
1000272 292
1000273 258
1000273 534
1000274 114
1000274 252
1000275 184
1000275 251
1000275 258
1000275 563
1000276 185
1000276 252
1000276 261
1000277 253
1000277 290
1000277 533
1000278 155
1000278 291
1000279 268
1000279 288
1000280 253
1000280 289
1000281 155
1000281 183
1000282 185
1000282 252
1000283 281
1000283 533
1000284 235
1000284 547
1000285 183
1000285 547
1000286 185
1000286 268
1000287 368
1000287 479
1000288 245
1000289 162
1000289 280
1000290 161
1000290 235
1000290 479
1000291 533
1000291 554
1000292 117
1000292 533
1000293 247
1000293 258
1000294 21
1000294 114
1000295 16
1000295 183
1000296 19
1000296 183
1000297 19
1000297 183
1000298 235
1000298 548
1000299 116
1000300 354
1000300 478
1000301 354
1000301 475
1000302 184
1000303 183
1000303 192
1000304 235
1000304 415
1000304 538
1000305 183
1000305 417
1000306 232
1000307 258
1000307 389
1000307 564
1000308 78
1000308 191
1000308 235
1000309 7
1000309 282
1000310 319
1000310 563
1000311 74
1000312 319
1000313 389
1000313 564
1000314 191
1000314 235
1000314 506
1000315 557
1000316 114
1000316 277
1000317 258
1000317 506
1000318 557
1000319 406
1000320 191
1000320 289
1000320 351
1000321 288
1000321 557
1000322 114
1000322 283
1000323 258
1000323 351
1000324 127
1000324 563
1000325 104
1000325 235
1000325 290
1000326 105
1000326 235
1000326 290
1000327 102
1000327 235
1000327 290
1000328 106
1000328 341
1000329 103
1000329 341
1000330 194
1000330 341
1000331 149
1000331 564
1000332 406
1000333 107
1000333 191
1000334 190
1000334 545
1000335 183
1000335 337
1000336 187
1000336 563
1000337 192
1000337 337
1000338 191
1000338 289
1000338 564
1000339 273
1000339 288
1000340 191
1000340 291
1000340 564
1000341 273
1000341 290
1000342 183
1000342 374
1000342 533
1000342 534
1000343 185
1000343 193
1000343 407
1000344 183
1000344 186
1000345 185
1000345 190
1000346 185
1000346 186
1000347 254
1000347 533
1000348 249
1000348 466
1000349 183
1000349 258
1000349 399
1000349 533
1000350 184
1000350 250
1000350 563
1000351 276
1000351 399
1000352 183
1000352 399
1000352 533
1000353 185
1000353 252
1000353 254
1000354 250
1000355 292
1000355 564
1000355 586
1000356 292
1000356 594
1000357 292
1000357 578
1000357 586
1000358 292
1000358 564
1000358 578
1000359 183
1000359 190
1000360 292
1000360 599
1000361 292
1000361 435
1000362 95
1000362 379
1000363 432
1000363 533
1000364 183
1000364 414
1000365 185
1000365 412
1000366 183
1000366 412
1000367 185
1000367 413
1000368 185
1000368 415
1000369 183
1000369 415
1000370 183
1000370 415
1000371 292
1000371 427
1000372 183
1000372 427
1000373 292
1000373 437
1000374 183
1000374 420
1000375 185
1000375 418
1000376 183
1000376 418
1000377 185
1000377 419
1000378 95
1000378 493
1000379 434
1000379 533
1000380 288
1000380 354
1000381 289
1000381 477
1000382 476
1000382 533
1000383 290
1000383 475
1000384 291
1000384 476
1000385 183
1000385 422
1000386 185
1000386 421
1000387 463
1000387 564
1000388 186
1000388 454
1000389 301
1000389 451
1000390 306
1000390 321
1000391 301
1000391 404
1000392 11
1000392 224
1000393 450
1000393 455
1000394 28
1000394 450
1000395 29
1000395 450
1000396 30
1000396 450
1000397 31
1000397 450
1000398 32
1000398 450
1000399 20
1000399 224
1000400 10
1000400 224
1000401 25
1000401 224
1000402 26
1000402 224
1000403 27
1000403 224
1000404 27
1000404 224
1000405 301
1000405 317
1000406 9
1000406 450
1000407 24
1000407 450
1000408 224
1000408 451
1000409 224
1000409 453
1000410 436
1000410 568
1000411 95
1000412 436
1000412 568
1000413 95
1000413 96
1000414 436
1000414 568
1000415 96
1000416 183
1000416 425
1000417 185
1000417 423
1000418 183
1000418 423
1000419 185
1000419 424
1000420 183
1000420 428
1000421 185
1000421 426
1000422 181
1000422 424
1000423 183
1000423 426
1000424 427
1000424 563
1000425 161
1000425 427
1000426 124
1000426 235
1000427 123
1000428 290
1000428 569
1000429 124
1000429 291
1000430 182
1000430 533
1000431 198
1000431 235
1000431 548
1000432 141
1000432 183
1000433 185
1000433 569
1000434 332
1000434 533
1000435 123
1000435 533
1000436 182
1000437 406
1000437 533
1000438 114
1000438 335
1000439 109
1000439 209
1000440 236
1000440 560
1000441 154
1000441 289
1000442 198
1000442 288
1000443 109
1000443 289
1000444 154
1000444 288
1000445 183
1000445 338
1000446 189
1000446 563
1000447 192
1000447 338
1000448 190
1000448 546
1000449 69
1000449 189
1000450 289
1000450 370
1000451 235
1000451 288
1000451 368
1000452 224
1000452 374
1000452 533
1000453 193
1000453 233
1000453 370
1000454 289
1000454 368
1000455 288
1000455 456
1000456 200
1000456 533
1000457 202
1000457 533
1000458 199
1000458 533
1000459 183
1000459 201
1000460 214
1000460 217
1000461 7
1000461 216
1000462 174
1000462 184
1000463 214
1000464 215
1000465 7
1000465 216
1000466 198
1000466 203
1000467 215
1000468 217
1000469 198
1000469 217
1000470 7
1000470 203
1000471 225
1000472 227
1000473 231
1000473 288
1000474 231
1000474 290
1000475 211
1000476 212
1000477 230
1000477 533
1000478 211
1000478 224
1000479 212
1000480 203
1000481 227
1000481 235
1000482 230
1000483 206
1000483 258
1000484 203
1000484 261
1000485 193
1000485 325
1000486 206
1000486 374
1000487 320
1000488 325
1000489 303
1000489 563
1000490 307
1000490 320
1000491 302
1000492 303
1000493 205
1000494 206
1000495 193
1000495 320
1000496 205
1000496 374
1000497 66
1000497 289
1000498 288
1000498 464
1000498 473
1000499 258
1000499 473
1000500 66
1000500 235
1000501 82
1000501 161
1000501 183
1000501 290
1000501 533
1000502 160
1000502 162
1000502 185
1000502 258
1000502 291
1000503 160
1000503 235
1000504 82
1000504 234
1000505 183
1000505 203
1000506 83
1000506 183
1000506 533
1000507 82
1000507 185
1000507 258
1000508 183
1000508 465
1000508 533
1000509 83
1000509 185
1000509 258
1000510 120
1000510 533
1000511 119
1000511 190
1000512 188
1000512 354
1000513 178
1000514 204
1000514 235
1000515 191
1000515 215
1000515 291
1000516 178
1000516 290
1000517 204
1000517 291
1000518 208
1000518 290
1000519 7
1000520 8
1000521 305
1000521 563
1000522 301
1000522 485
1000523 481
1000524 87
1000524 533
1000525 86
1000526 208
1000527 2
1000527 533
1000528 7
1000528 307
1000529 3
1000529 301
1000530 8
1000530 305
1000531 4
1000531 183
1000532 185
1000532 529
1000533 7
1000533 304
1000534 4
1000534 305
1000535 304
1000536 305
1000537 304
1000537 563
1000538 4
1000538 307
1000539 289
1000539 492
1000540 288
1000540 490
1000541 479
1000541 564
1000542 247
1000542 492
1000543 228
1000543 290
1000544 226
1000545 227
1000546 525
1000547 468
1000547 505
1000548 125
1000548 289
1000549 8
1000549 288
1000550 280
1000550 564
1000551 183
1000551 200
1000552 185
1000552 203
1000553 7
1000553 477
1000554 200
1000555 183
1000555 208
1000556 203
1000557 208
1000558 183
1000558 200
1000559 183
1000559 208
1000560 184
1000560 200
1000561 183
1000561 203
1000562 7
1000562 447
1000563 200
1000564 139
1000564 565
1000565 7
1000565 459
1000565 533
1000566 184
1000566 208
1000567 7
1000568 447
1000569 388
1000569 480
1000570 235
1000570 488
1000571 513
1000572 5
1000573 7
1000573 486
1000574 480
1000574 533
1000575 483
1000575 487
1000576 5
1000576 482
1000577 183
1000577 354
1000578 185
1000578 475
1000579 475
1000580 221
1000580 477
1000581 220
1000581 354
1000582 183
1000582 399
1000583 185
1000583 191
1000583 292
1000584 327
1000584 533
1000585 252
1000585 399
1000586 532
1000586 563
1000587 174
1000587 531
1000588 65
1000588 235
1000589 327
1000590 236
1000590 531
1000591 65
1000591 293
1000592 191
1000592 306
1000593 221
1000593 531
1000594 65
1000594 220
1000595 289
1000595 531
1000596 65
1000596 288
1000597 114
1000597 313
1000597 533
1000598 258
1000598 324
1000599 276
1000599 370
1000600 235
1000600 313
1000601 290
1000601 324
1000601 533
1000602 291
1000602 323
1000603 193
1000603 322
1000604 258
1000604 374
1000605 183
1000605 323
1000606 185
1000606 322
1000607 23
1000607 183
1000607 533
1000608 183
1000608 473
1000608 533
1000609 292
1000609 466
1000610 292
1000610 328
1000611 258
1000611 517
1000612 183
1000612 261
1000612 533
1000613 185
1000613 258
1000613 292
1000614 276
1000614 322
1000615 183
1000615 259
1000616 185
1000616 258
1000617 260
1000617 290
1000617 533
1000618 259
1000618 291
1000619 144
1000619 191
1000620 193
1000620 241
1000621 161
1000621 292
1000621 441
1000622 162
1000622 344
1000623 193
1000623 330
1000624 235
1000624 552
1000625 292
1000625 501
1000626 191
1000626 408
1000627 191
1000627 559
1000628 234
1000628 495
1000629 235
1000629 553
1000630 153
1000630 191
1000630 193
1000631 235
1000631 600
1000632 183
1000632 224
1000633 185
1000633 232
1000634 238
1000634 290
1000634 292
1000635 232
1000635 291
1000636 221
1000637 220
1000638 79
1000638 193
1000639 70
1000639 193
1000640 295
1000640 398
1000641 398
1000641 533
1000642 176
1000642 258
1000643 179
1000643 591
1000644 177
1000644 290
1000645 179
1000645 291
1000646 180
1000646 290
1000647 177
1000647 291
1000648 258
1000648 444
1000649 443
1000649 563
1000650 442
1000650 533
1000651 235
1000651 443
1000652 445
1000652 489
1000653 442
1000654 184
1000654 556
1000655 185
1000655 233
1000656 533
1000656 555
1000657 235
1000657 556
1000658 183
1000658 472
1000658 533
1000659 191
1000659 221
1000659 355
1000660 292
1000660 601
1000661 236
1000661 246
1000662 391
1000663 246
1000664 235
1000664 263
1000665 262
1000666 493
1000666 568
1000667 13
1000667 493
1000668 494
1000668 533
1000669 235
1000669 537
1000670 235
1000670 293
1000671 113
1000671 235
1000671 292
1000672 235
1000672 255
1000673 113
1000673 256
1000673 292
1000674 183
1000674 234
1000674 533
1000675 185
1000675 235
1000676 185
1000676 234
1000676 235
1000677 267
1000677 370
1000678 193
1000678 334
1000679 268
1000679 374
1000680 193
1000680 339
1000681 268
1000681 575
1000682 274
1000682 298
1000683 172
1000683 267
1000684 409
1000684 573
1000685 256
1000685 339
1000686 267
1000686 292
1000686 564
1000687 235
1000687 409
1000688 162
1000688 274
1000689 173
1000689 267
1000690 274
1000690 582
1000691 170
1000691 267
1000692 334
1000692 578
1000693 183
1000693 239
1000694 185
1000694 237
1000695 184
1000695 466
1000696 235
1000696 382
1000697 224
1000697 382
1000697 533
1000698 233
1000698 238
1000698 252
1000699 184
1000699 232
1000699 258
1000699 563
1000700 289
1000700 308
1000701 502
1000701 568
1000702 80
1000702 190
1000703 81
1000703 183
1000704 114
1000704 191
1000704 291
1000705 193
1000705 273
1000706 188
1000706 563
1000707 463
1000707 564
1000708 5
1000708 400
1000709 234
1000709 272
1000710 193
1000710 315
1000711 272
1000711 374
1000712 111
1000712 258
1000713 114
1000713 315
1000714 168
1000714 370
1000715 164
1000715 235
1000716 289
1000716 469
1000717 235
1000717 288
1000717 470
1000718 164
1000718 235
1000718 289
1000719 111
1000719 288
1000720 258
1000720 470
1000721 114
1000721 168
1000722 5
1000723 235
1000723 516
1000724 183
1000724 212
1000725 517
1000726 342
1000726 533
1000726 563
1000727 52
1000728 473
1000728 518
1000729 210
1000729 473
1000730 52
1000730 235
1000731 474
1000732 518
1000733 52
1000734 474
1000735 53
1000735 290
1000736 291
1000736 518
1000737 53
1000737 288
1000738 289
1000738 518
1000739 52
1000739 289
1000740 53
1000740 288
1000740 473
1000741 67
1000741 235
1000741 290
1000742 291
1000742 518
1000743 240
1000743 289
1000744 67
1000744 235
1000744 288
1000745 14
1000745 162
1000746 161
1000746 507
1000747 56
1000747 290
1000748 14
1000748 291
1000749 184
1000749 213
1000749 563
1000750 184
1000750 195
1000751 186
1000751 196
1000751 533
1000752 191
1000752 541
1000753 438
1000753 563
1000754 183
1000754 193
1000755 248
1000755 279
1000756 429
1000756 563
1000757 184
1000757 258
1000757 288
1000757 563
1000758 22
1000758 563
1000759 292
1000759 522
1000760 200
1000761 203
1000761 533
1000762 183
1000762 191
1000762 548
1000763 185
1000763 534
1000764 98
1000764 193
1000765 126
1000766 98
1000766 235
1000767 115
1000767 191
1000768 114
1000768 270
1000769 115
1000769 258
1000770 110
1000770 289
1000771 115
1000771 191
1000772 41
1000773 43
1000773 193
1000774 235
1000774 374
1000774 507
1000775 41
1000775 289
1000776 40
1000776 288
1000777 40
1000778 99
1000778 235
1000779 99
1000779 235
1000780 43
1000781 73
1000781 191
1000782 156
1000782 570
1000783 156
1000783 287
1000784 183
1000784 195
1000785 185
1000785 213
1000786 192
1000786 195
1000786 256
1000787 185
1000787 438
1000788 381
1000788 538
1000788 579
1000789 118
1000789 587
1000790 235
1000790 538
1000790 578
1000791 579
1000791 587
1000792 235
1000792 290
1000792 578
1000793 291
1000793 579
1000794 341
1000794 544
1000795 341
1000795 543
1000796 341
1000796 542
1000797 190
1000797 401
1000798 490
1000798 533
1000799 236
1000799 492
1000800 188
1000800 563
1000801 70
1000801 192
1000802 183
1000802 562
1000803 185
1000803 561
1000804 533
1000805 306
1000805 563
1000806 183
1000806 192
1000806 533
1000807 185
1000807 292
1000807 307
1000808 183
1000808 301
1000809 185
1000809 306
1000810 183
1000810 307
1000811 185
1000811 301
1000812 1
1000812 221
1000813 235
1000813 260
1000814 1
1000815 258
1000815 288
1000816 235
1000816 260
1000816 289
1000817 1
1000817 221
1000818 184
1000818 563
1000819 174
1000819 379
1000820 158
1000820 563
1000821 167
1000821 174
1000822 75
1000823 76
1000823 191
1000824 77
1000824 183
1000824 533
1000825 75
1000825 185
1000825 252
1000826 76
1000826 183
1000826 533
1000827 158
1000827 466
1000828 77
1000829 175
1000829 258
1000829 563
1000830 91
1000830 183
1000830 258
1000830 533
1000831 235
1000831 238
1000832 169
1000833 162
1000833 169
1000834 82
1000834 158
1000835 183
1000835 312
1000835 533
1000836 175
1000836 185
1000836 479
1000837 159
1000837 162
1000838 232
1000838 563
1000839 174
1000839 493
1000840 551
1000840 563
1000841 174
1000841 185
1000842 550
1000842 563
1000843 163
1000844 235
1000844 550
1000845 157
1000845 158
1000846 235
1000846 318
1000847 121
1000847 235
1000848 197
1000849 265
1000849 533
1000850 235
1000850 266
1000851 264
1000851 289
1000852 235
1000852 265
1000852 288
1000853 197
1000853 258
1000854 157
1000854 261
1000855 318
1000856 163
1000857 114
1000857 266
1000858 121
1000858 258
1000859 184
1000859 288
1000859 563
1000860 22
1000860 191
1000860 563
1000861 308
1000861 563
1000862 174
1000862 601
1000863 191
1000863 546
1000864 191
1000864 340
1000865 510
1000865 564
1000866 374
1000866 439
1000867 193
1000867 340
1000868 114
1000868 247
1000869 258
1000869 564
1000870 183
1000870 533
1000870 534
1000871 185
1000871 392
1000871 564
1000872 58
1000872 191
1000873 564
1000874 58
1000875 38
1000875 290
1000876 58
1000876 291
1000877 235
1000877 507
1000878 38
1000879 114
1000879 284
1000880 258
1000880 507
1000881 38
1000881 288
1000882 58
1000882 289
1000883 183
1000883 222
1000884 185
1000884 567
1000885 220
1000885 563
1000886 185
1000886 222
1000887 183
1000887 214
1000888 185
1000888 568
1000889 267
1000889 380
1000890 235
1000890 341
1000891 36
1000891 191
1000892 342
1000893 383
1000893 563
1000894 185
1000894 577
1000895 118
1000895 183
1000896 185
1000896 383
1000897 5
1000897 15
1000898 235
1000898 576
1000899 162
1000899 280
1000900 221
1000900 571
1000901 193
1000901 329
1000902 122
1000902 191
1000902 193
1000903 219
1000903 290
1000904 331
1000904 457
1000905 190
1000905 331
1000906 188
1000906 280
1000907 125
1000907 247
1000908 280
1000908 564
1000909 88
1000909 183
1000910 8
1000910 185
1000911 235
1000911 292
1000911 564
1000912 235
1000912 280
1000913 235
1000913 256
1000914 113
1000914 292
1000914 573
1000915 235
1000915 339
1000916 577
1000917 236
1000917 293
1000918 68
1000918 235
1000918 460
1000919 508
1000920 69
1000920 89
1000920 400
1000921 92
1000921 400
1000922 92
1000922 400
1000923 400
1000923 475
1000924 183
1000924 300
1000925 185
1000925 297
1000926 95
1000926 589
1000927 183
1000927 299
1000928 184
1000928 585
1000929 185
1000929 583
1000930 368
1000930 479
1000931 281
1000932 113
1000932 235
1000932 292
1000933 235
1000933 281
1000934 533
1000934 588
1000935 183
1000935 424
1000936 183
1000936 297
1000937 71
1000937 90
1000937 526
1000938 475
1000938 526
1000939 108
1000939 526
1000940 108
1000940 526
1000941 235
1000941 426
1000941 536
1000942 235
1000942 426
1000942 538
1000943 235
1000943 426
1000943 538
1000944 301
1000944 310
1000945 234
1000945 594
1000946 183
1000946 533
1000946 597
1000947 185
1000947 191
1000947 596
1000948 191
1000948 292
1000949 183
1000949 306
1000950 37
1000950 191
1000950 236
1000950 385
1000951 492
1000951 596
1000952 598
1000953 385
1000954 37
1000955 183
1000955 192
1000955 258
1000955 533
1000956 247
1000956 507
1000957 284
1000957 564
1000958 308
1000958 309
