0 2
0 4
0 458
0 986
0 1145
0 1996
0 1999
1 2
1 3
1 5
1 161
1 293
1 447
1 1450
2 808
2 1201
2 1316
2 1322
2 1416
2 1604
2 1975
3 5
3 6
3 1339
4 5
4 6
4 8
4 239
4 596
4 629
4 1334
5 360
5 640
5 767
5 1301
5 1324
5 1804
5 1922
6 7
6 8
6 9
6 580
7 9
7 10
7 11
7 134
7 371
7 851
7 1009
7 1276
7 1903
7 1975
8 10
8 380
8 1157
8 1822
9 10
9 12
9 887
9 1335
9 1932
10 13
10 137
10 496
10 744
10 847
10 1623
11 12
11 14
11 15
11 173
11 703
11 718
11 725
11 1146
11 1205
11 1566
11 1985
12 14
12 16
12 117
12 135
12 221
12 962
12 1621
12 1640
13 15
13 16
13 328
13 595
13 922
13 1126
13 1193
14 15
14 18
14 460
14 723
14 963
14 1651
15 17
15 18
15 103
15 327
15 380
15 523
15 1119
16 18
16 19
16 20
16 391
16 952
17 18
17 20
17 21
17 915
17 1463
18 19
18 20
18 140
18 1012
18 1308
18 1517
18 1526
19 20
19 22
19 478
19 672
19 1779
19 1918
20 21
20 22
20 24
20 409
20 1286
20 1842
21 22
21 23
21 24
21 25
21 878
21 1710
22 23
22 25
22 26
22 863
22 1556
23 25
23 981
23 1696
23 1719
24 35
24 821
24 880
24 1116
24 1511
25 27
25 498
25 569
25 1580
26 27
26 28
26 29
26 116
26 682
26 795
26 943
26 1047
26 1077
26 1518
26 1688
26 1992
27 28
27 30
27 80
27 573
27 1294
27 1338
28 30
28 31
28 648
28 799
28 887
28 1400
28 1619
29 30
29 31
29 32
29 265
29 542
29 1941
30 32
30 33
30 283
30 648
30 664
30 1503
30 1558
30 1833
31 32
31 34
31 35
31 474
31 930
31 1454
32 34
32 36
32 689
32 872
32 1507
33 34
33 37
33 213
33 915
33 1165
33 1316
34 36
34 37
34 38
34 687
34 1248
34 1788
35 37
35 129
35 253
35 274
35 340
35 442
35 700
35 933
36 37
36 142
36 884
36 906
36 1184
36 1658
37 38
37 39
37 40
37 41
38 39
38 41
38 198
38 220
38 493
38 975
38 1006
38 1169
39 40
39 43
39 154
39 703
40 41
40 43
40 295
40 1668
40 1670
40 1685
40 1951
40 1990
41 42
41 45
41 1261
41 1722
42 43
42 44
42 45
42 384
42 602
42 850
42 1582
43 46
43 47
43 265
43 965
43 1245
43 1440
43 1528
43 1739
44 47
44 48
44 408
44 422
44 1199
44 1335
45 46
45 47
45 48
45 49
45 164
45 1338
46 47
46 301
46 326
46 448
47 48
47 49
47 51
47 997
48 49
48 50
48 52
48 274
49 50
49 162
49 443
49 1452
49 1561
49 1626
49 1854
50 54
50 415
50 1092
51 53
51 952
51 1316
51 1384
51 1757
52 53
52 54
52 56
52 146
52 617
52 1168
52 1294
52 1377
52 1540
53 56
53 57
53 648
53 705
53 1006
53 1884
54 58
54 799
54 936
54 1478
55 57
55 58
55 1236
55 1351
55 1596
56 59
56 358
56 662
56 975
56 1326
56 1538
57 58
57 59
57 60
57 233
57 892
57 972
57 1697
58 59
58 61
58 327
58 681
58 1003
58 1354
58 1425
58 1836
59 62
59 63
59 764
59 980
59 1107
59 1585
59 1925
60 61
60 589
60 703
60 827
60 904
60 952
60 1391
61 63
61 65
61 138
61 669
61 1984
62 63
62 316
62 469
62 1297
62 1306
62 1801
63 65
63 67
63 1800
64 248
64 472
64 635
64 1110
64 1147
64 1346
64 1620
64 1869
65 67
65 68
65 190
65 202
65 245
65 382
65 1734
65 1847
65 1966
66 67
66 68
66 69
66 70
66 296
66 1220
66 1401
66 1420
66 1751
66 1752
67 71
67 1097
67 1607
67 1714
68 69
68 70
68 121
68 599
68 1348
69 70
69 71
69 72
69 73
69 398
69 997
69 1468
70 71
70 72
70 1322
70 1498
70 1810
71 73
71 74
71 1349
71 1906
72 73
72 74
72 75
72 148
72 977
72 1765
72 1973
73 76
73 1346
73 1397
74 75
74 299
74 324
74 965
74 1019
74 1315
74 1802
75 76
75 79
75 221
75 574
75 652
75 662
75 821
75 1959
76 78
76 657
76 1405
76 1929
77 78
77 79
77 80
77 81
77 459
77 523
77 1238
77 1545
77 1776
77 1984
78 79
78 80
78 212
78 770
78 1472
79 80
79 81
79 83
79 706
79 1567
79 1609
79 1762
80 81
80 82
80 83
80 234
80 739
81 84
81 351
81 1269
81 1501
81 1591
81 1799
81 1949
82 84
82 661
82 682
82 1470
82 1745
83 84
83 86
83 87
83 821
83 960
83 1439
84 85
84 1170
84 1364
84 1548
84 1633
84 1670
85 316
85 553
85 722
85 1274
85 1846
86 87
86 88
86 424
86 1848
86 1995
87 203
87 317
88 90
88 91
88 92
88 1206
88 1365
89 91
89 93
89 568
89 783
89 1859
89 1873
90 91
90 92
90 93
90 1105
90 1632
91 92
91 95
91 1530
92 93
92 94
92 96
92 633
92 1159
92 1353
92 1533
92 1589
93 94
93 96
93 622
93 1024
94 96
94 97
94 789
94 868
95 96
95 97
95 98
95 212
95 1447
95 1766
96 97
96 98
96 100
96 1453
96 1999
97 99
97 100
97 101
97 171
97 232
97 289
97 1450
97 1977
98 451
98 1050
98 1289
98 1447
98 1781
99 102
99 432
99 986
99 1004
99 1565
100 103
100 428
100 893
100 1263
101 104
101 105
101 1156
101 1243
101 1567
101 1629
101 1857
101 1946
102 103
102 106
102 135
102 242
102 659
102 814
102 1851
103 154
103 279
103 654
103 898
103 1134
103 1236
103 1358
103 1999
104 105
104 106
104 108
104 595
104 620
104 850
105 106
105 107
105 598
105 1039
105 1042
105 1377
105 1904
106 108
106 215
106 717
106 1736
107 109
107 110
107 1386
107 1467
108 111
108 163
108 603
108 775
108 848
108 1201
108 1246
108 1388
109 110
109 1000
109 1390
110 111
110 114
110 234
110 322
110 597
110 623
110 1396
110 1581
110 1938
111 113
111 114
111 262
111 431
111 994
111 1397
111 1810
112 113
112 114
112 116
112 449
112 507
113 114
113 115
113 116
113 117
113 1285
114 116
114 117
114 309
114 591
114 1752
115 116
115 117
115 119
115 165
115 476
115 1522
115 1634
115 1763
115 1816
115 1836
115 1883
115 1928
116 117
116 118
116 119
116 852
117 118
117 120
117 121
117 439
117 785
118 120
118 1124
118 1173
118 1293
119 120
119 123
119 466
119 1607
120 122
120 124
120 1682
121 125
121 496
122 123
122 124
123 125
123 127
123 1461
124 125
124 128
124 141
124 215
124 1354
124 1991
125 126
125 127
125 1063
125 1178
125 1754
126 129
126 392
126 671
126 767
126 848
126 1070
126 1077
126 1157
126 1293
126 1921
127 129
127 131
127 197
127 869
127 1848
128 131
128 132
128 160
128 879
128 1069
128 1394
129 351
129 1008
129 1941
129 1952
130 131
130 133
130 134
130 841
130 865
130 1279
130 1614
130 1947
131 132
131 465
131 519
131 1459
132 133
132 135
132 136
132 1331
132 1766
133 134
133 349
133 361
133 535
133 702
133 1130
133 1289
133 1451
133 1812
134 135
134 137
134 138
134 458
134 525
134 677
135 139
135 428
135 446
135 722
135 1039
135 1656
136 137
136 138
136 139
136 418
136 1016
136 1373
137 139
137 468
137 1488
138 140
138 252
138 302
138 475
138 1147
138 1476
138 1814
139 140
139 142
139 266
139 363
139 1852
140 143
140 144
140 1179
140 1909
140 1982
141 143
141 144
141 145
141 1108
141 1524
141 1775
142 143
142 144
142 145
142 161
142 253
143 145
143 146
143 147
143 550
143 783
143 1379
144 146
144 147
144 557
144 1710
144 1799
144 1963
145 146
145 863
145 1002
145 1382
145 1900
146 1476
147 150
147 151
147 717
147 812
147 1179
147 1221
147 1839
148 151
148 772
148 855
148 941
148 1416
148 1583
148 1952
149 153
149 451
149 1118
149 1717
149 1858
150 152
150 153
150 154
150 1602
150 1687
150 1813
150 1854
150 1869
151 155
151 306
151 1314
151 1409
151 1859
151 1901
152 154
152 156
152 946
152 1118
152 1285
152 1353
152 1676
152 1942
153 157
153 245
153 981
153 1557
153 1613
154 157
154 1200
154 1697
155 157
155 160
155 412
155 748
155 909
155 1382
155 1506
155 1700
156 157
156 158
156 988
156 1404
156 1804
156 1939
157 159
157 161
157 1987
158 159
158 161
158 253
158 299
158 1197
158 1399
158 1440
159 160
159 161
159 162
159 733
159 934
160 166
160 744
160 864
161 162
161 164
161 1109
161 1211
162 163
162 165
162 166
162 300
162 1129
162 1223
162 1758
163 166
163 947
163 956
163 976
163 1356
163 1841
164 165
164 168
164 713
165 166
165 167
165 979
165 1962
166 167
166 168
166 176
166 392
166 402
166 690
166 1257
167 168
167 170
167 171
167 393
167 969
168 169
168 170
168 171
168 172
168 512
168 866
169 171
169 172
169 998
169 1643
170 173
170 174
170 304
170 836
170 1719
170 1859
171 172
171 175
171 263
171 297
171 1731
171 1987
172 173
172 175
172 1814
173 177
173 828
173 1783
174 175
174 176
174 177
174 178
174 709
174 1671
175 177
175 179
175 918
175 940
175 1132
175 1519
176 177
176 480
176 482
176 987
176 1102
177 179
177 181
177 190
177 431
177 849
177 1242
177 1317
178 180
178 182
178 313
178 1521
178 1560
178 1657
179 181
179 1405
179 1671
179 1817
180 182
180 183
180 324
180 605
180 782
180 1377
180 1613
181 183
181 185
181 223
181 1213
181 1621
182 186
182 688
182 1733
182 1771
182 1879
182 1965
183 184
183 186
183 498
183 687
183 1901
183 1983
184 185
184 186
184 187
184 188
184 334
184 786
185 188
185 404
185 758
185 1421
185 1793
186 188
186 1056
186 1497
187 188
187 189
187 1163
187 1174
187 1240
187 1585
188 189
188 190
188 192
188 624
188 955
188 1713
189 190
189 193
189 578
189 1081
189 1234
189 1862
190 192
190 193
190 194
190 655
190 1401
191 193
191 195
191 1665
191 1742
191 1836
191 1839
192 193
192 195
192 1008
192 1069
192 1449
192 1578
193 194
193 196
193 323
193 804
193 1764
194 198
194 682
194 928
194 1348
195 196
195 808
195 1031
195 1349
196 199
196 200
196 318
196 1554
196 1722
196 1898
197 813
197 1161
197 1568
197 1805
198 199
198 202
198 608
198 806
198 912
198 1662
199 203
199 226
199 296
199 393
199 685
199 783
199 1030
199 1388
199 1559
200 201
200 203
200 204
200 394
200 436
200 549
200 1134
200 1365
200 1630
200 1687
201 202
201 203
201 205
201 567
201 1497
202 203
202 204
202 206
202 387
202 516
203 204
203 207
203 247
203 1316
203 1384
203 1454
203 1961
204 205
204 230
204 442
204 572
204 579
204 599
204 771
204 785
204 790
204 1970
205 207
205 425
205 893
205 1031
205 1032
205 1134
205 1242
205 1398
205 1462
206 207
206 210
206 214
206 473
206 1012
206 1016
206 1091
206 1157
206 1270
206 1445
206 1746
206 1774
206 1925
207 209
207 210
207 612
207 1223
208 211
208 212
208 553
208 1137
208 1397
208 1427
208 1853
209 212
209 213
209 1185
209 1257
209 1597
209 1789
210 214
210 487
210 832
210 1014
210 1201
210 1903
211 212
211 214
211 722
211 1047
211 1675
212 214
212 215
212 255
212 265
212 553
212 647
212 1117
212 1214
212 1245
213 215
213 216
213 608
213 909
213 1947
214 911
214 1388
214 1972
215 217
215 219
215 273
215 566
215 707
215 728
215 1845
215 1954
216 217
216 220
216 409
216 1217
216 1495
216 1688
216 1984
217 218
217 220
217 224
217 268
217 867
217 922
217 1274
218 219
218 220
218 221
218 222
218 1227
218 1311
218 1830
219 220
219 221
219 222
219 223
219 1200
219 1729
219 1864
220 985
221 224
221 225
221 1142
221 1391
221 1658
221 1990
222 224
222 372
222 773
222 1099
222 1363
222 1493
222 1550
222 1630
223 226
223 227
223 290
223 799
223 1012
223 1528
223 1611
223 1782
224 227
224 266
224 1151
224 1238
224 1244
224 1713
225 227
225 229
225 417
225 717
225 1641
226 963
226 1878
226 1913
227 229
227 231
227 450
228 229
228 230
228 643
228 1768
229 233
229 375
229 577
229 705
229 940
229 1068
229 1386
229 1496
229 1637
229 1749
230 233
230 234
230 420
230 930
230 1333
230 1464
230 1498
230 1664
231 232
231 366
231 524
231 1214
231 1620
231 1782
232 234
232 236
232 743
232 1427
232 1555
232 1602
233 235
233 237
233 430
233 1052
233 1241
234 235
234 236
234 237
234 980
234 1248
235 237
235 238
235 239
236 238
236 240
236 346
236 382
236 594
236 603
236 724
236 754
236 1184
236 1541
237 238
237 240
237 241
237 1163
237 1276
237 1419
238 239
238 240
238 241
238 242
239 240
239 241
239 242
239 243
240 502
241 244
241 298
241 454
241 1161
241 1482
241 1934
242 243
242 833
242 1323
242 1397
242 1692
242 1967
243 245
243 247
243 527
243 994
243 1449
243 1557
244 248
244 396
244 446
244 1300
244 1455
244 1647
245 247
245 248
245 249
245 316
245 967
245 1099
245 1491
245 1894
246 253
246 743
246 1192
246 1439
247 251
247 1500
248 250
248 251
248 252
248 443
248 467
248 1730
249 250
249 252
249 456
249 496
249 676
250 251
250 252
250 253
250 254
250 534
250 1862
250 1933
251 253
251 254
251 421
251 843
251 1056
251 1161
252 256
252 383
252 606
252 1164
252 1410
252 1719
253 901
253 1012
253 1106
253 1672
253 1990
254 255
254 256
254 257
254 258
254 1023
254 1470
254 1889
255 258
255 950
256 258
256 299
256 504
256 587
256 668
256 1519
257 258
257 259
257 260
257 370
257 537
257 676
257 1031
258 259
258 260
258 261
258 262
258 1476
259 261
259 1204
259 1521
260 261
260 263
260 897
260 1100
260 1406
261 264
261 265
261 704
261 897
261 1059
262 263
262 264
262 737
262 789
262 1972
263 769
263 842
263 870
263 1346
263 1716
263 1994
264 265
264 267
264 268
264 1220
264 1479
264 1494
264 1518
265 266
265 267
265 268
265 287
265 609
265 1091
265 1647
266 268
266 269
266 1055
266 1121
266 1306
266 1434
266 1547
266 1722
267 270
267 271
267 425
267 659
267 991
267 1074
267 1449
267 1472
268 272
268 605
268 863
269 270
269 272
269 273
269 712
269 910
269 1232
269 1892
270 271
270 274
270 549
270 695
270 810
270 811
270 833
270 864
271 272
271 273
271 274
271 813
271 1080
271 1352
271 1379
271 1504
271 1888
272 273
272 276
272 811
272 929
273 486
273 1444
274 277
274 278
274 832
274 902
274 1236
274 1256
274 1342
275 276
275 277
275 496
275 812
275 974
275 1508
275 1539
275 1758
275 1820
275 1847
276 277
276 279
276 768
276 1088
276 1603
276 1755
277 278
277 1082
277 1543
277 1892
278 279
278 282
278 385
278 889
278 1119
279 280
279 281
279 703
279 1012
279 1056
279 1176
279 1332
280 281
280 282
280 283
280 284
280 379
280 568
280 1049
280 1277
281 282
281 284
281 285
281 1801
282 283
282 284
282 285
282 286
282 920
282 1570
283 284
283 285
283 286
283 287
283 1388
283 1468
283 1792
284 288
284 994
285 287
285 288
285 289
285 373
285 862
285 1032
285 1203
286 287
286 288
286 289
286 642
286 1382
287 962
287 1216
287 1505
287 1959
288 289
288 291
288 292
288 1915
289 396
289 979
289 1637
290 291
290 293
290 294
290 559
290 842
290 1033
290 1701
290 1755
291 292
291 294
291 295
291 600
291 1058
291 1889
292 293
292 294
292 350
292 426
292 922
292 995
292 1475
292 1742
293 294
293 295
293 297
293 575
293 1492
294 296
294 297
294 560
294 1916
294 1981
295 296
295 297
295 299
295 750
295 971
296 297
296 298
296 300
296 927
296 951
297 298
297 299
297 301
297 689
297 1311
297 1698
298 300
298 302
298 790
298 798
298 1093
298 1671
299 444
299 558
299 587
299 1164
299 1222
299 1401
299 1770
299 1812
300 301
300 660
300 779
300 949
300 1281
300 1352
301 302
301 303
301 304
301 832
302 303
302 304
302 305
302 306
302 543
302 668
302 822
303 307
303 311
303 651
303 1243
303 1700
304 439
304 440
304 728
304 1301
304 1584
305 306
305 307
305 309
305 348
305 608
305 986
305 1210
306 308
306 310
307 309
307 352
307 800
307 1244
307 1336
307 1472
307 1587
307 1634
308 309
308 310
308 311
308 312
308 782
308 971
308 994
309 311
309 1203
309 1745
309 1794
310 311
310 312
310 313
310 770
310 775
310 790
310 1523
311 312
311 313
311 605
311 876
312 313
312 314
312 315
313 315
313 316
313 927
313 1297
313 1383
313 1666
314 315
314 317
314 318
314 947
314 1117
314 1459
314 1800
314 1832
315 316
315 317
315 318
315 913
315 1454
315 1800
315 1873
316 317
316 318
316 320
316 858
316 1309
316 1581
316 1738
317 318
317 320
317 552
317 585
317 882
318 319
318 322
318 340
318 413
318 902
318 1065
319 320
319 323
319 1076
319 1280
319 1493
319 1821
320 321
320 322
320 323
320 324
320 789
321 322
321 323
321 350
321 1203
321 1383
322 323
322 324
322 326
322 1641
323 325
323 326
324 327
324 708
324 780
324 794
324 1308
324 1337
324 1600
324 1881
325 326
325 329
325 421
325 748
325 1352
325 1394
325 1456
325 1460
326 1229
326 1761
327 374
327 577
327 993
327 1061
327 1182
328 329
328 1964
329 331
329 333
329 1361
330 331
330 333
330 426
330 1373
330 1382
330 1533
330 1550
331 332
331 467
331 598
331 1000
331 1002
331 1270
331 1852
332 336
332 383
332 1074
332 1400
332 1402
332 1810
332 1999
333 334
333 335
333 337
333 554
333 645
333 712
333 1240
333 1321
334 335
334 338
334 396
334 763
334 1336
334 1344
334 1764
335 337
335 338
335 339
335 815
335 1951
336 337
336 340
336 670
336 1263
336 1307
336 1580
336 1894
337 340
337 341
337 593
337 763
338 339
338 631
338 734
338 834
338 1372
338 1486
338 1813
339 342
339 343
339 1411
340 341
340 342
340 672
340 749
340 948
340 997
340 1109
340 1293
340 1305
340 1368
341 344
341 345
341 1568
341 1893
342 343
342 344
342 345
342 820
342 868
342 979
342 1939
343 344
343 346
343 443
343 692
343 1608
344 345
344 347
344 348
344 667
344 882
344 1643
344 1968
345 346
345 347
345 348
345 349
345 1219
345 1535
345 1734
346 518
346 582
346 1284
347 351
347 639
347 983
347 1107
347 1506
347 1605
347 1611
347 1750
347 1939
348 351
348 392
348 652
348 1047
348 1208
348 1342
349 350
349 352
349 353
349 534
349 740
349 1215
350 353
350 354
350 486
350 1234
350 1538
350 1621
350 1773
351 352
351 766
351 925
351 957
351 1505
351 1579
351 1595
351 1980
352 353
352 355
352 356
352 1390
352 1742
353 356
353 1856
354 356
354 358
354 646
354 1046
354 1073
355 356
355 359
355 562
355 1128
355 1159
356 357
356 358
356 359
356 436
356 555
356 556
357 359
357 361
357 518
357 647
358 359
358 360
358 361
358 362
358 1638
358 1732
359 360
359 361
359 593
359 799
359 1114
359 1152
359 1677
359 1997
360 364
360 1653
360 1677
361 364
361 365
361 458
361 1140
361 1148
361 1410
362 364
362 365
362 727
362 755
362 1152
363 365
363 366
363 404
363 686
363 1507
363 1725
364 367
364 760
365 367
365 368
365 1202
365 1421
365 1665
365 1669
366 367
366 369
366 370
366 475
366 720
366 1051
366 1676
366 1786
366 1875
367 369
367 370
367 371
367 665
367 1165
367 1428
367 1453
367 1698
368 369
368 371
368 859
368 1369
368 1483
369 370
369 371
369 372
369 1766
369 1833
370 372
370 373
370 374
370 614
370 1164
370 1514
370 1553
371 372
371 374
371 375
371 560
371 1713
372 373
372 376
372 523
372 1464
373 374
373 375
373 377
373 771
373 1163
373 1180
373 1539
374 376
374 378
374 1065
374 1453
375 376
375 377
375 810
375 1627
376 378
376 379
376 896
376 1637
376 1716
377 378
377 379
377 380
377 381
377 657
377 666
377 1285
377 1805
377 1851
378 379
378 1130
378 1673
378 1988
379 380
379 381
379 1472
379 1484
379 1922
380 381
380 383
380 783
380 1590
380 1900
381 384
381 584
381 948
381 1198
381 1376
381 1995
382 386
382 564
382 579
382 649
382 814
382 910
382 914
383 398
383 1664
383 1675
384 387
384 388
384 508
384 938
384 992
384 1566
384 1936
385 386
385 389
385 560
385 1434
385 1682
385 1816
386 387
386 390
386 557
386 1404
386 1766
386 1793
387 388
387 389
387 390
387 391
387 1859
388 391
388 392
388 499
388 505
388 1627
388 1904
388 1906
388 1925
389 391
389 691
389 759
389 790
389 1492
390 391
390 392
390 394
390 832
390 1174
391 394
391 521
391 562
391 797
391 1038
391 1948
392 396
392 564
392 969
392 971
392 1086
392 1087
392 1139
392 1551
393 394
393 397
393 1413
393 1584
394 396
394 397
394 1347
394 1674
394 1704
395 396
395 399
395 1209
395 1325
395 1392
396 398
396 399
396 1027
396 1099
396 1426
396 1980
397 399
397 401
397 592
397 635
397 700
397 1552
398 402
398 666
398 822
398 1141
398 1199
398 1838
398 1981
399 400
399 402
399 403
399 1040
399 1965
399 1973
400 402
400 429
400 1090
401 427
401 514
401 1355
401 1714
402 403
402 404
402 1489
402 1551
402 1747
403 404
403 405
403 406
403 1429
403 1771
404 405
404 406
404 407
404 408
405 408
405 409
405 717
406 410
407 408
407 410
407 411
407 420
407 664
407 671
407 1146
407 1559
407 1775
407 1853
408 409
408 410
408 411
408 412
408 1880
408 1911
409 412
409 778
409 1276
409 1786
410 412
410 413
410 670
410 692
410 958
410 1061
410 1778
411 413
411 415
411 544
411 1490
412 413
412 414
412 416
412 1177
413 414
413 415
413 417
413 518
413 667
414 415
414 788
415 416
415 417
415 419
415 601
415 1348
416 417
416 418
416 419
416 474
416 477
416 1080
416 1111
416 1539
416 1650
417 421
417 462
417 486
417 573
417 744
418 421
418 1943
419 423
419 811
419 1047
419 1074
419 1366
419 1543
419 1671
419 1879
419 1999
420 619
420 1490
421 422
421 424
421 425
421 1496
421 1892
422 423
422 643
422 781
422 1004
422 1267
422 1983
423 426
423 427
423 481
423 741
424 425
424 504
424 923
424 1059
424 1883
425 426
425 427
425 541
425 1072
425 1081
425 1752
426 428
426 429
426 1067
427 429
427 430
427 431
427 931
427 1471
427 1510
427 1604
427 1781
428 430
428 432
428 754
428 1018
428 1828
429 430
429 431
429 432
429 894
430 433
430 591
430 1295
430 1936
431 433
431 462
432 433
432 435
433 434
433 435
433 436
433 437
433 1655
434 438
434 544
434 695
434 712
434 1806
435 436
435 437
435 438
435 439
435 795
435 1070
435 1441
435 1526
435 1609
436 437
436 438
436 440
436 1775
436 1827
437 440
437 809
437 978
437 1839
438 439
438 440
438 441
438 442
438 1493
438 1734
439 442
439 443
439 1684
440 441
440 548
440 579
440 691
440 860
440 897
441 442
441 443
441 457
441 472
441 862
441 1556
441 1619
441 1789
442 444
442 445
442 918
442 1094
442 1339
442 1702
443 444
443 446
443 447
443 983
443 1380
444 448
445 447
445 523
445 1579
446 447
446 450
446 541
446 918
446 1070
446 1586
447 450
447 941
447 1308
447 1360
447 1818
448 449
448 451
448 452
448 870
448 1202
449 453
449 802
449 857
449 1389
449 1855
450 451
450 452
450 454
450 740
450 966
450 1907
450 1923
451 452
451 455
451 901
452 454
452 455
452 495
452 781
453 454
453 455
453 457
453 850
453 905
453 1009
453 1261
453 1432
453 1937
454 455
454 528
454 1075
454 1632
454 1804
455 456
455 459
455 523
455 1471
455 1810
455 1866
456 457
456 459
456 656
456 1204
456 1527
457 461
457 1202
457 1368
458 460
458 886
458 1037
458 1257
459 462
459 700
459 1353
460 462
460 472
460 1110
460 1443
460 1669
460 1967
461 463
461 464
461 990
462 463
462 466
462 999
462 1329
462 1338
462 1854
463 464
463 466
463 1788
464 804
464 812
464 989
464 1523
465 466
465 467
465 469
465 952
465 1210
465 1264
465 1295
465 1788
466 467
466 468
466 569
466 1398
467 468
467 470
467 471
467 843
468 469
468 470
468 471
468 472
468 747
468 1129
469 471
469 473
469 1679
469 1843
470 474
470 1194
470 1249
470 1294
470 1588
471 472
471 473
471 474
471 475
471 702
471 1010
471 1634
472 474
472 475
472 527
472 562
472 700
472 1068
472 1214
472 1309
472 1645
473 474
473 475
473 476
473 664
473 864
473 1552
474 475
474 476
474 1044
474 1252
474 1824
475 476
475 478
475 1014
476 477
476 478
476 479
476 480
476 1266
476 1351
476 1882
477 481
477 1293
477 1688
478 479
478 922
478 925
478 1306
478 1472
478 1533
478 1742
478 1920
479 482
479 483
479 1382
479 1629
480 482
480 483
480 664
480 840
480 892
480 1728
481 485
481 493
481 632
481 902
481 1042
482 483
482 484
482 538
482 1239
482 1363
482 1414
482 1442
482 1607
483 484
483 485
483 486
484 486
484 620
484 1542
485 489
485 619
485 812
485 849
485 994
485 1053
485 1275
485 1473
485 1916
486 1413
486 1680
486 1823
487 488
487 490
487 1321
487 1433
488 490
488 492
488 882
488 1388
488 1409
488 1625
488 1626
488 1689
489 491
489 493
489 855
489 1139
490 492
490 493
490 494
490 639
490 696
490 1379
490 1427
491 492
491 493
491 494
491 495
491 985
491 1655
492 493
492 494
492 496
492 898
492 1379
492 1494
493 494
493 751
493 1236
493 1238
493 1729
494 495
494 496
494 497
494 749
494 792
494 1224
495 498
495 499
495 561
495 612
495 770
495 1528
496 497
496 500
496 683
496 814
497 501
497 1031
497 1173
497 1836
498 499
498 501
498 699
498 832
498 1206
498 1362
498 1756
499 500
499 502
499 670
499 1446
499 1614
499 1925
499 1940
500 504
500 917
500 1400
500 1842
501 502
501 503
501 1306
502 503
502 504
502 505
502 506
502 1044
502 1080
502 1137
502 1679
503 504
503 506
503 748
503 1897
504 505
504 507
504 508
504 701
504 1168
505 506
505 507
505 979
505 1583
505 1970
506 507
506 508
506 510
506 617
506 1596
506 1971
507 511
507 1369
507 1643
507 1853
508 509
508 512
508 1054
508 1243
508 1445
509 510
509 512
509 797
509 1505
509 1726
510 954
510 1361
510 1636
511 515
511 991
511 1095
511 1785
512 513
512 514
512 516
512 1003
512 1594
513 514
513 515
513 517
513 990
513 1451
513 1590
513 1659
513 1979
513 1981
514 516
514 857
514 866
514 1036
514 1045
514 1090
514 1549
514 1764
514 1805
515 516
515 517
515 519
515 558
516 518
516 656
516 680
516 1618
516 1944
517 519
517 520
517 1665
517 1884
518 519
518 522
518 523
518 568
518 885
518 1158
518 1725
519 521
519 1280
519 1303
519 1461
519 1556
519 1662
520 524
520 1002
521 522
521 523
521 524
521 790
521 1255
521 1300
521 1348
521 1753
522 524
522 525
522 881
523 527
523 1764
524 525
524 527
524 528
524 597
524 602
524 1892
525 527
525 528
525 529
525 859
525 890
525 1286
525 1498
526 530
526 550
526 786
526 1163
526 1198
527 529
527 531
527 1055
527 1471
527 1678
527 1802
527 1933
528 530
528 1232
528 1424
528 1488
528 1498
528 1629
528 1930
529 530
529 531
529 532
529 533
530 531
530 532
530 533
530 534
530 926
530 1146
531 556
531 600
531 1084
532 535
532 536
533 537
533 1092
533 1637
533 1803
534 537
534 538
534 560
534 782
534 970
534 985
534 1248
534 1780
534 1930
535 536
535 1790
536 537
536 538
536 539
536 540
536 985
536 1283
536 1816
537 538
537 541
537 640
537 1384
537 1390
537 1668
538 539
538 540
538 541
538 688
538 1451
538 1578
539 1418
539 1899
540 541
540 637
540 718
540 1035
540 1410
540 1860
541 542
541 544
541 545
541 612
541 617
541 1233
541 1240
541 1399
542 543
542 545
543 544
543 545
543 1342
543 1840
544 545
544 547
544 548
544 634
544 1323
545 546
545 547
545 549
545 944
545 1197
546 547
546 548
546 582
546 1096
546 1666
546 1964
547 570
547 1331
547 1526
547 1556
547 1919
548 549
548 550
548 551
548 976
548 1323
549 551
549 553
549 1724
549 1827
550 551
550 633
550 1254
550 1792
551 552
551 602
551 1112
551 1329
551 1384
551 1551
552 656
552 760
552 1760
553 554
553 555
553 729
553 821
553 913
553 1489
553 1790
554 871
554 1075
554 1631
555 557
555 559
555 1248
555 1302
556 560
556 1167
556 1186
556 1361
556 1878
557 558
557 561
557 1943
558 561
558 562
558 856
558 1201
558 1625
559 561
559 562
559 563
559 1001
559 1504
560 562
560 1229
560 1468
560 1721
561 647
561 723
561 1025
561 1567
562 563
562 566
562 1028
562 1294
562 1817
563 564
563 566
563 932
563 1481
563 1710
564 565
564 568
564 1171
564 1752
565 567
565 568
565 569
565 1073
565 1197
566 568
566 581
566 838
566 1194
566 1284
566 1903
567 767
567 826
567 1511
567 1919
568 570
568 571
568 1153
568 1533
568 1692
568 1921
569 570
569 572
569 573
570 571
570 573
570 574
570 685
570 727
570 947
570 1627
571 572
571 573
571 574
571 575
571 816
572 575
572 576
572 1085
572 1145
572 1253
572 1398
572 1461
572 1603
572 1936
573 574
573 576
573 577
573 1300
574 575
574 803
575 576
575 578
576 577
576 578
576 587
576 1458
577 578
577 581
577 1507
577 1540
578 722
578 1224
578 1823
578 1902
578 1962
579 581
579 1270
579 1363
580 581
580 582
580 882
580 1808
580 1882
581 582
581 584
581 993
581 1880
582 583
582 585
582 1273
582 1467
583 585
583 586
583 587
583 848
583 1089
583 1649
584 585
584 587
585 588
585 1315
585 1811
586 587
586 588
586 844
586 936
586 1103
586 1375
587 591
587 1261
587 1562
588 855
588 916
588 1264
588 1449
589 590
589 591
589 592
589 931
590 593
590 860
590 1234
590 1397
590 1500
591 593
591 594
591 699
591 733
591 1269
592 593
592 595
592 1553
592 1658
592 1983
593 596
593 605
594 705
594 885
595 596
595 599
596 597
596 599
596 600
596 1142
596 1458
596 1672
596 1874
597 599
597 601
597 653
597 1412
597 1416
597 1523
597 1613
597 1636
598 599
598 601
598 1228
598 1347
598 1464
598 1879
598 1997
599 600
599 1079
599 1441
600 1285
600 1765
601 604
601 605
601 855
602 604
602 605
602 838
602 1062
602 1443
602 1456
602 1837
603 604
603 605
603 607
603 696
603 795
603 1352
604 605
605 606
605 609
605 777
605 1288
605 1302
606 607
606 610
606 939
606 1043
606 1180
606 1298
606 1815
607 609
607 610
607 878
607 1243
607 1998
608 610
608 612
608 1104
608 1642
608 1703
609 610
609 611
609 1199
609 1202
609 1682
609 1766
609 1908
610 611
610 613
610 1860
611 1475
611 1650
612 613
612 1406
612 1488
613 614
613 616
613 1230
614 616
614 618
614 720
614 1035
614 1058
614 1639
615 616
615 617
615 618
615 640
615 900
615 941
615 998
615 1190
615 1590
615 1660
615 1675
616 618
616 619
616 620
616 1490
617 618
617 620
617 621
617 778
617 944
617 1086
618 619
618 620
618 621
618 915
619 620
619 621
619 623
619 1121
619 1138
619 1963
620 622
620 623
620 698
620 1127
621 624
621 625
621 646
621 1435
621 1757
621 1903
622 624
622 626
622 1210
622 1835
623 624
623 626
623 627
623 666
623 728
623 1027
623 1093
623 1855
624 628
624 660
624 785
624 939
624 973
624 1730
625 627
625 628
625 629
625 963
625 1448
625 1911
626 628
626 630
626 1418
626 1644
627 629
627 630
627 631
627 1404
628 630
628 632
628 789
628 1133
628 1636
629 630
629 631
629 632
629 633
629 1666
630 632
630 634
630 1329
630 1348
631 632
631 633
631 634
631 635
631 791
631 1148
631 1246
631 1329
631 1869
632 634
632 635
632 1061
632 1230
632 1355
632 1861
633 636
633 853
633 1747
634 635
634 742
634 895
634 1248
634 1904
635 636
635 638
635 639
635 1857
636 637
636 639
636 785
636 1204
636 1231
636 1695
637 640
637 829
637 1860
638 639
638 641
638 1718
638 1727
639 641
639 643
639 891
639 1757
640 641
640 643
640 644
640 1208
640 1533
640 1629
640 1894
641 642
641 643
641 645
641 1232
641 1326
642 706
642 839
642 1966
643 644
643 723
643 805
643 1785
643 1867
643 1938
644 645
644 646
644 1293
644 1731
645 647
645 648
645 649
645 904
645 1386
645 1397
645 1466
645 1882
646 649
646 650
646 961
646 1467
647 648
647 649
647 898
647 964
647 975
647 1385
647 1600
647 1984
648 649
648 650
648 790
648 1722
648 1766
649 652
649 855
649 899
649 1554
650 744
650 929
650 942
650 1457
650 1683
650 1874
650 1982
651 654
651 655
651 843
651 947
651 1004
651 1100
651 1323
651 1620
651 1727
652 653
652 655
652 656
653 654
653 656
653 657
653 802
653 1414
654 655
654 656
654 657
654 658
654 728
654 1196
654 1324
655 656
655 1143
655 1857
656 657
656 659
656 660
656 739
656 1061
656 1783
656 1916
657 658
657 732
657 836
658 659
658 1092
658 1185
658 1326
658 1668
658 1939
659 662
659 663
659 742
659 965
659 1160
659 1183
659 1332
659 1582
659 1647
660 662
660 663
660 664
660 1457
660 1776
660 1891
661 662
661 665
661 1071
661 1116
661 1358
661 1720
661 1831
662 663
662 1448
662 1641
663 750
663 935
663 1080
663 1152
664 667
664 851
665 667
665 669
665 719
665 785
665 883
665 1073
665 1526
665 1824
666 674
666 1005
666 1387
666 1748
667 911
667 1788
667 1918
668 669
668 670
668 671
668 672
668 1197
668 1292
668 1577
669 670
669 672
669 1197
670 671
670 672
670 882
670 1008
670 1015
671 672
671 674
671 675
671 1041
672 673
672 674
672 676
673 674
673 675
673 676
673 677
673 1641
673 1754
673 1862
674 675
674 677
674 678
674 803
674 1168
674 1757
675 677
675 678
675 991
675 1141
676 677
676 678
676 732
676 862
676 1185
677 678
677 679
677 680
677 843
677 1055
678 679
678 681
678 875
679 680
679 683
679 1020
679 1155
679 1247
680 681
680 682
680 683
680 684
680 1244
681 749
681 769
681 783
681 956
681 1107
681 1252
682 683
682 1266
682 1731
683 684
683 687
683 1217
684 685
684 687
684 688
684 1664
684 1810
685 686
685 687
685 688
685 689
685 1086
686 690
686 931
686 1525
687 688
687 690
687 691
687 800
687 1007
687 1410
687 1706
688 691
688 1242
688 1423
688 1442
688 1529
688 1871
689 693
689 956
690 693
690 694
690 1392
690 1494
690 1788
690 1791
690 1829
691 695
692 694
692 696
692 1032
692 1642
693 694
693 695
693 696
693 697
693 1387
694 696
694 698
694 840
694 1028
695 696
695 697
695 707
695 734
695 857
695 1457
696 697
696 699
696 700
696 1186
697 700
697 856
697 1030
698 700
698 701
698 702
698 996
698 1237
698 1379
699 700
699 729
699 799
699 1078
699 1135
699 1195
699 1376
700 701
700 1572
700 1664
701 702
701 705
701 1957
702 705
702 895
702 1287
702 1402
702 1559
702 1706
703 707
703 1060
704 705
704 707
704 708
704 1049
704 1374
704 1734
705 707
705 709
706 709
706 710
706 819
706 1424
706 1828
707 709
707 711
707 1597
708 710
708 850
709 909
709 1595
710 711
710 714
710 1133
710 1385
710 1678
710 1755
711 712
711 713
711 714
711 715
711 1458
711 1894
712 713
712 714
712 715
712 1883
712 1942
713 714
713 715
713 716
713 717
714 717
714 1230
714 1531
715 716
715 717
715 718
715 1828
716 718
716 720
716 931
716 1834
716 1870
716 1900
717 721
717 993
718 719
718 721
719 722
719 754
719 772
719 1181
719 1457
720 724
720 1669
721 722
721 724
721 725
721 1460
722 1258
722 1725
722 1776
723 724
723 725
723 849
723 1158
723 1303
723 1623
723 1689
723 1922
724 725
724 728
724 1121
724 1240
724 1454
724 1640
725 726
725 728
725 729
725 1911
726 727
726 728
726 729
726 730
726 761
726 1785
727 728
727 730
727 731
727 1703
728 729
728 730
728 732
728 1419
728 1948
729 730
729 731
729 733
729 1034
729 1950
730 732
730 734
730 1200
731 734
731 1277
732 733
732 735
732 736
732 1184
732 1441
732 1791
733 734
733 735
733 737
733 840
733 947
733 1897
733 1991
734 735
734 738
734 1028
734 1075
735 738
735 739
735 1143
735 1184
735 1199
735 1268
735 1277
735 1453
735 1606
736 737
736 738
736 739
736 1418
736 1474
736 1944
737 739
737 741
737 861
737 1494
737 1671
738 739
738 1238
738 1604
738 1898
739 740
739 741
739 743
739 1418
739 1563
740 742
740 743
740 744
740 802
740 1048
740 1147
740 1681
740 1953
741 742
741 743
741 745
741 1049
741 1596
742 743
742 1988
743 744
743 745
743 747
744 747
744 1563
744 1668
745 746
745 747
745 749
745 1465
746 749
746 1309
746 1881
746 1997
747 749
747 751
747 935
747 1427
748 750
748 751
748 1038
748 1129
749 751
749 752
749 1060
749 1784
750 751
750 753
750 1360
750 1520
750 1782
751 753
751 754
752 753
752 755
752 955
752 1413
752 1672
753 754
753 755
753 756
753 1132
753 1252
753 1644
754 755
754 757
754 758
754 818
755 757
755 758
755 759
755 1515
755 1702
756 757
756 759
756 760
756 825
756 1736
757 759
757 1488
757 1786
758 760
758 761
758 1610
758 1886
759 760
759 962
759 1402
759 1603
760 761
760 764
760 883
760 1998
761 764
761 765
761 1187
761 1821
762 765
762 788
762 1606
763 765
763 766
763 767
763 984
763 1776
764 765
764 767
764 768
764 1260
764 1614
764 1668
765 766
765 768
765 1230
765 1860
766 767
766 769
766 770
766 1152
766 1414
767 768
767 769
767 771
768 1644
768 1708
769 770
769 772
769 1275
769 1394
769 1886
770 773
770 774
770 832
770 889
770 1361
770 1466
770 1601
770 1994
771 772
771 773
772 773
772 775
772 776
772 852
773 933
774 775
774 776
774 777
774 778
774 1048
774 1121
774 1301
774 1397
774 1777
774 1921
775 776
775 777
775 779
775 842
775 1358
776 777
776 779
776 780
776 891
776 1169
776 1724
776 1744
776 1765
777 778
777 779
777 877
778 779
778 780
778 782
778 904
778 1372
778 1675
779 780
779 781
779 1407
780 782
780 784
780 1099
780 1163
781 783
781 784
781 1030
781 1200
781 1649
781 1813
782 783
782 784
782 785
782 786
782 1185
782 1781
783 786
783 1417
784 787
784 788
784 1484
784 1732
784 1891
785 788
785 1278
786 787
786 1476
786 1846
787 789
787 791
787 1562
787 1995
788 791
788 792
788 806
789 791
789 792
789 793
789 872
789 1293
789 1506
789 1771
789 1926
790 792
790 794
790 1976
791 794
791 1831
791 1883
792 793
792 795
792 796
792 1358
792 1630
792 1889
793 795
793 797
793 1240
793 1407
793 1591
793 1804
793 1936
794 798
794 885
794 994
794 1396
794 1456
795 796
795 797
795 908
795 1014
795 1090
796 798
796 1002
796 1153
797 798
797 799
797 801
797 989
797 1593
798 799
798 800
798 801
798 1435
799 800
799 801
800 801
800 802
800 803
800 804
800 1122
800 1849
800 1912
801 802
801 804
801 1751
802 803
802 804
802 805
802 806
802 1425
803 805
803 1155
804 805
804 806
804 808
805 806
805 807
805 809
805 1009
805 1304
806 807
806 808
806 1049
806 1342
806 1779
807 810
807 891
807 1235
807 1711
808 809
808 1180
808 1948
808 1973
809 812
809 813
809 1028
809 1188
809 1453
809 1579
810 814
810 927
810 944
810 1277
811 815
811 954
811 1656
811 1762
812 814
812 815
812 1627
813 814
813 816
813 817
814 815
814 816
814 1784
814 1905
815 818
815 1116
815 1567
816 817
816 818
816 819
817 1054
817 1473
818 820
818 821
818 913
819 821
819 823
819 866
819 1175
819 1750
820 821
820 822
820 824
821 823
822 824
822 825
822 826
822 902
823 1898
824 828
824 996
824 1319
824 1339
824 1531
825 826
825 827
825 939
825 1140
825 1425
825 1440
826 828
826 829
827 830
827 1097
827 1241
827 1313
827 1391
827 1735
827 1814
828 829
828 830
828 832
828 1038
828 1195
829 831
829 923
829 1472
829 1869
830 831
830 834
830 918
830 1777
830 1950
831 832
831 834
831 1480
831 1812
831 1939
832 835
832 977
832 1002
832 1811
833 836
833 1474
833 1655
834 835
834 836
834 957
834 1207
834 1850
835 837
835 838
835 839
835 1736
835 1885
836 839
836 922
836 1153
836 1645
837 838
837 839
837 841
837 876
837 904
837 1415
837 1840
837 1841
837 1993
838 841
838 842
838 1087
838 1160
838 1170
838 1562
838 1792
838 1846
839 966
840 841
840 842
840 843
840 844
840 952
840 1154
840 1511
840 1574
841 842
841 844
841 845
842 844
842 845
842 846
842 1015
843 844
843 1268
843 1500
843 1738
843 1925
844 845
844 846
844 847
844 848
844 1851
845 847
845 848
845 849
845 920
846 847
846 849
846 850
846 1816
846 1923
847 848
847 851
847 960
847 1154
847 1606
848 850
848 851
848 866
848 1386
848 1765
849 851
849 1134
850 852
850 853
850 908
851 852
852 853
852 855
852 904
852 973
852 1358
852 1472
852 1486
852 1872
853 855
853 856
853 857
853 858
853 1393
853 1625
854 855
854 1120
854 1317
854 1395
854 1663
854 1887
855 858
855 859
855 1127
855 1387
856 858
856 859
856 888
856 1502
856 1546
857 861
858 860
858 861
858 1423
859 861
859 862
859 1028
859 1170
859 1808
860 862
860 863
860 864
860 999
860 1125
860 1661
860 1891
861 1103
861 1583
861 1674
861 1739
862 1236
862 1299
862 1610
863 864
863 866
863 867
863 1020
863 1390
863 1807
864 1258
864 1840
865 867
865 868
865 869
865 1611
866 870
866 1308
866 1371
866 1778
867 868
867 869
867 1049
868 869
868 871
868 902
868 1723
869 871
869 873
870 872
870 873
870 874
870 891
870 1187
870 1705
870 1905
871 872
871 874
871 875
872 874
872 876
872 944
872 1324
872 1465
872 1797
873 874
873 877
873 1512
874 875
874 878
875 877
875 978
875 1012
875 1366
875 1498
875 1675
876 877
876 878
876 880
876 1086
876 1201
876 1232
877 878
877 879
877 880
877 881
877 1640
878 882
878 958
878 1325
878 1564
878 1878
879 881
879 1385
880 881
880 883
880 1373
880 1702
880 1899
881 883
881 885
881 1291
882 883
882 886
882 1075
882 1123
883 884
883 885
883 886
883 887
883 1464
883 1689
883 1886
884 886
884 888
884 1867
884 1973
885 886
885 887
885 888
885 889
885 904
885 1007
885 1818
886 887
886 888
886 890
886 1038
886 1581
887 888
887 889
887 890
887 1564
887 1929
888 889
888 891
888 892
888 1543
888 1797
888 1934
889 890
889 891
889 892
890 891
890 892
890 894
890 1113
890 1656
891 893
891 894
891 1102
891 1346
892 894
892 896
892 1211
892 1552
893 896
893 897
893 1180
893 1330
894 950
894 1336
894 1521
895 897
895 899
895 1205
895 1353
896 897
896 898
896 899
896 900
896 1004
896 1386
897 900
897 901
897 1646
898 900
898 1082
898 1188
899 903
899 1099
899 1590
900 904
900 1198
900 1511
900 1870
901 903
901 905
901 1111
902 903
902 906
902 1751
903 904
903 905
903 924
903 1407
903 1729
904 905
904 906
904 908
905 908
905 1247
905 1540
905 1724
906 907
906 908
906 909
906 910
906 1621
906 1862
907 908
907 1224
908 910
908 912
908 968
909 910
909 911
909 913
909 1266
909 1341
909 1753
910 914
910 1016
910 1305
910 1548
910 1752
911 914
911 915
911 1380
911 1805
911 1901
912 913
912 914
912 915
912 1032
912 1664
913 916
913 1085
913 1213
913 1385
913 1548
914 915
914 916
914 1690
914 1756
914 1794
915 917
915 918
915 1037
915 1355
915 1764
916 917
916 918
916 936
916 1440
916 1751
916 1886
917 919
917 920
917 921
917 1084
917 1389
917 1563
917 1583
917 1701
918 920
918 922
919 920
919 921
919 1039
919 1279
919 1521
919 1541
920 921
920 923
920 1967
920 1991
921 924
921 989
921 1335
922 923
922 924
923 924
923 925
923 1332
924 925
924 926
924 928
924 997
924 1231
925 926
925 928
925 1441
926 929
926 930
926 1270
926 1827
926 1905
927 928
927 929
927 1475
927 1885
928 930
928 932
928 1687
928 1725
928 1817
928 1922
929 932
929 945
929 1454
929 1805
929 1863
930 931
931 932
931 1311
931 1486
932 936
932 1710
932 1815
933 934
933 935
933 1229
933 1504
934 937
934 938
934 1828
935 936
935 937
935 938
935 1834
936 937
936 938
936 940
936 941
936 1406
936 1701
937 938
937 939
937 940
937 941
937 1879
938 939
938 940
938 941
939 942
939 943
939 1025
939 1993
940 943
940 944
941 945
941 1562
942 946
942 1494
943 945
943 946
943 947
943 1191
943 1480
944 948
944 1458
944 1467
944 1619
944 1667
944 1901
945 948
945 949
946 1318
946 1664
946 1965
947 948
947 1986
948 949
948 952
948 1399
948 1472
948 1492
948 1838
948 1841
949 953
950 1061
950 1334
950 1766
950 1807
951 952
952 953
952 1531
952 1627
953 954
953 956
953 1693
954 955
954 956
954 957
954 958
954 1475
954 1610
955 956
955 959
955 1370
955 1626
955 1802
956 957
956 958
956 1044
956 1671
956 1709
956 1809
956 1872
957 961
957 1506
958 962
958 1973
959 960
959 963
959 1423
960 962
960 963
960 964
960 1566
961 962
961 963
961 964
961 965
961 1635
961 1675
962 963
962 966
962 1191
963 965
963 1264
963 1421
964 965
964 966
964 968
965 967
965 968
965 969
966 967
966 968
966 969
966 970
966 1433
966 1472
967 970
967 1083
967 1920
968 969
968 971
968 1018
968 1317
968 1325
968 1386
968 1776
968 1941
969 970
969 971
969 972
969 1210
970 971
970 972
970 1814
971 975
971 1281
971 1853
971 1919
972 973
972 974
972 975
972 1132
973 974
973 975
973 977
973 1324
974 977
974 1167
974 1553
974 1924
975 1327
975 1887
976 977
976 979
976 1266
976 1274
976 1730
976 1744
976 1788
977 980
977 981
977 1186
977 1212
978 979
978 980
978 981
978 982
978 1633
978 1910
979 980
979 982
979 1292
979 1371
980 982
980 1456
980 1522
981 983
981 1061
981 1205
981 1754
981 1876
982 984
982 986
983 984
983 986
983 1381
983 1601
983 1614
984 987
984 1967
985 986
985 1068
985 1202
985 1356
985 1387
985 1565
985 1814
985 1913
986 989
986 990
986 1304
986 1369
986 1989
987 988
987 990
987 991
987 1154
988 990
988 991
988 992
988 1831
989 992
989 1237
989 1286
989 1476
989 1971
990 1695
991 993
991 1393
991 1731
992 996
992 1024
992 1144
992 1159
992 1578
993 996
993 1458
994 996
994 1148
994 1208
994 1239
994 1491
994 1909
995 996
995 997
995 999
995 1725
995 1938
996 998
996 999
996 1000
996 1583
997 998
997 1000
997 1001
997 1278
997 1594
997 1880
997 1943
998 1000
998 1001
998 1002
998 1294
998 1637
998 1844
998 1885
999 1000
999 1003
1000 1002
1000 1003
1000 1514
1001 1003
1001 1481
1001 1687
1001 1729
1001 1937
1002 1005
1003 1005
1003 1006
1003 1007
1003 1250
1003 1259
1003 1812
1004 1005
1004 1084
1004 1474
1005 1006
1005 1007
1005 1009
1006 1007
1006 1008
1007 1008
1007 1009
1007 1388
1007 1696
1008 1009
1008 1010
1008 1157
1008 1578
1008 1750
1009 1010
1009 1011
1009 1013
1009 1128
1010 1011
1010 1014
1010 1529
1010 1747
1010 1849
1010 1877
1011 1012
1011 1013
1011 1014
1011 1015
1011 1123
1011 1666
1011 1737
1012 1015
1012 1341
1012 1577
1013 1016
1013 1748
1014 1015
1014 1016
1014 1453
1015 1019
1015 1486
1015 1689
1016 1017
1016 1018
1016 1020
1016 1160
1016 1473
1016 1713
1016 1955
1017 1018
1017 1019
1017 1020
1017 1021
1017 1358
1017 1521
1018 1020
1018 1021
1018 1022
1018 1305
1019 1021
1019 1599
1020 1021
1021 1022
1021 1023
1021 1024
1021 1787
1022 1025
1023 1027
1023 1360
1023 1429
1023 1586
1023 1767
1023 1898
1023 1907
1024 1025
1024 1026
1024 1045
1024 1486
1024 1625
1024 1967
1025 1027
1025 1611
1026 1027
1026 1028
1026 1029
1026 1030
1027 1031
1027 1288
1027 1378
1027 1948
1028 1032
1029 1030
1029 1031
1029 1032
1029 1033
1029 1198
1029 1575
1030 1031
1030 1032
1030 1033
1030 1034
1030 1919
1031 1035
1032 1033
1032 1035
1032 1036
1032 1757
1032 1930
1033 1034
1033 1035
1033 1036
1033 1299
1034 1035
1034 1036
1034 1037
1034 1114
1034 1478
1034 1766
1035 1037
1035 1038
1035 1347
1036 1038
1036 1039
1036 1040
1037 1038
1037 1040
1037 1794
1038 1039
1038 1040
1038 1041
1038 1649
1038 1856
1039 1355
1039 1775
1039 1844
1040 1041
1040 1043
1040 1410
1040 1440
1041 1043
1041 1044
1041 1238
1041 1283
1041 1459
1041 1955
1042 1044
1042 1045
1042 1315
1043 1047
1044 1047
1044 1048
1044 1546
1044 1742
1045 1046
1045 1047
1045 1048
1045 1049
1045 1691
1046 1047
1046 1048
1046 1049
1046 1050
1046 1392
1047 1050
1047 1506
1047 1618
1047 1706
1047 1905
1048 1052
1048 1601
1049 1051
1049 1052
1049 1053
1049 1583
1050 1052
1050 1054
1050 1965
1051 1052
1051 1053
1051 1054
1051 1890
1052 1053
1052 1054
1052 1055
1052 1145
1052 1267
1052 1417
1052 1676
1053 1054
1053 1057
1053 1229
1054 1056
1054 1057
1054 1763
1055 1057
1055 1059
1056 1057
1056 1058
1056 1059
1056 1147
1057 1059
1057 1372
1057 1546
1057 1652
1058 1060
1058 1062
1058 1374
1058 1390
1059 1062
1059 1063
1059 1086
1059 1610
1060 1063
1060 1084
1060 1624
1060 1674
1061 1062
1061 1063
1061 1064
1061 1178
1061 1211
1061 1794
1062 1064
1062 1065
1062 1066
1063 1064
1063 1065
1063 1123
1063 1580
1063 1959
1064 1066
1064 1067
1064 1087
1064 1602
1065 1066
1065 1067
1065 1068
1065 1395
1066 1069
1066 1093
1066 1300
1066 1466
1067 1068
1067 1069
1067 1070
1067 1647
1068 1069
1068 1070
1068 1071
1068 1072
1068 1304
1069 1070
1069 1071
1069 1072
1069 1299
1069 1649
1070 1071
1070 1074
1070 1173
1070 1488
1071 1074
1071 1075
1071 1717
1072 1073
1072 1075
1072 1076
1072 1303
1072 1345
1072 1530
1072 1881
1073 1074
1073 1075
1073 1077
1073 1124
1073 1134
1073 1614
1073 1900
1073 1931
1074 1075
1074 1076
1074 1077
1074 1078
1075 1079
1075 1274
1075 1295
1075 1350
1075 1420
1075 1607
1076 1077
1076 1078
1076 1079
1076 1080
1077 1725
1078 1081
1078 1082
1078 1485
1079 1080
1079 1081
1079 1083
1079 1636
1080 1117
1081 1082
1081 1083
1081 1739
1081 1775
1082 1085
1082 1392
1082 1679
1082 1989
1083 1084
1083 1086
1083 1087
1083 1330
1083 1937
1084 1086
1084 1222
1084 1707
1085 1087
1085 1427
1086 1090
1086 1447
1086 1484
1087 1088
1087 1234
1087 1468
1087 1775
1088 1089
1088 1091
1088 1237
1088 1588
1088 1599
1089 1090
1089 1092
1089 1093
1089 1262
1089 1269
1089 1712
1090 1091
1090 1548
1090 1675
1091 1092
1091 1093
1091 1095
1091 1666
1091 1813
1092 1094
1092 1147
1092 1653
1093 1096
1093 1166
1093 1528
1094 1095
1094 1097
1094 1520
1095 1096
1095 1097
1095 1099
1095 1111
1095 1771
1095 1788
1096 1098
1096 1099
1097 1098
1097 1304
1097 1678
1097 1947
1098 1099
1098 1100
1098 1101
1098 1102
1098 1468
1098 1747
1099 1100
1099 1102
1099 1454
1099 1850
1100 1391
1100 1421
1100 1954
1101 1103
1101 1104
1101 1136
1101 1531
1102 1103
1102 1104
1102 1997
1103 1104
1103 1219
1103 1335
1103 1411
1103 1870
1104 1105
1104 1106
1104 1107
1104 1108
1105 1107
1105 1108
1105 1328
1105 1457
1105 1824
1106 1108
1106 1109
1106 1110
1106 1387
1106 1411
1107 1110
1107 1111
1107 1378
1107 1826
1107 1870
1108 1110
1108 1111
1108 1112
1108 1812
1109 1111
1109 1113
1109 1180
1109 1181
1109 1603
1109 1692
1109 1750
1109 1881
1110 1111
1110 1113
1110 1114
1110 1147
1110 1554
1111 1114
1111 1777
1112 1113
1112 1115
1112 1116
1112 1527
1112 1806
1112 1837
1113 1114
1113 1115
1113 1535
1114 1130
1114 1191
1114 1255
1114 1485
1115 1116
1115 1117
1115 1249
1115 1431
1115 1499
1116 1117
1116 1118
1116 1119
1116 1120
1116 1915
1117 1118
1117 1119
1117 1120
1117 1121
1118 1120
1118 1121
1118 1122
1118 1181
1118 1279
1119 1123
1119 1447
1120 1124
1121 1226
1121 1552
1121 1710
1122 1206
1123 1124
1123 1126
1123 1127
1123 1441
1123 1887
1124 1126
1124 1127
1124 1725
1124 1836
1125 1126
1125 1128
1125 1316
1125 1583
1126 1127
1126 1129
1126 1130
1126 1385
1127 1128
1127 1130
1127 1369
1127 1839
1128 1131
1128 1542
1128 1965
1129 1130
1129 1131
1129 1132
1130 1133
1130 1134
1130 1206
1130 1767
1131 1135
1131 1370
1132 1134
1132 1136
1132 1512
1132 1541
1132 1682
1132 1812
1133 1135
1133 1136
1133 1210
1134 1356
1134 1663
1135 1136
1135 1137
1135 1139
1135 1341
1136 1137
1136 1139
1136 1140
1136 1329
1137 1139
1137 1140
1137 1141
1137 1383
1138 1139
1138 1317
1138 1544
1138 1625
1139 1142
1139 1230
1139 1528
1139 1570
1139 1904
1140 1141
1140 1144
1141 1142
1141 1144
1141 1553
1141 1862
1142 1145
1142 1146
1142 1265
1142 1521
1142 1953
1143 1144
1143 1145
1143 1963
1144 1314
1145 1485
1145 1558
1146 1148
1146 1149
1146 1150
1146 1245
1146 1989
1147 1149
1147 1226
1147 1265
1148 1149
1148 1150
1148 1913
1149 1152
1149 1263
1149 1520
1149 1766
1150 1151
1150 1152
1150 1153
1150 1228
1150 1255
1150 1593
1150 1864
1151 1155
1151 1973
1152 1153
1152 1154
1152 1155
1152 1156
1152 1426
1152 1780
1153 1157
1153 1332
1153 1798
1154 1155
1154 1156
1154 1157
1154 1158
1154 1229
1154 1901
1155 1157
1155 1158
1155 1159
1155 1162
1156 1159
1156 1354
1156 1951
1157 1158
1157 1159
1157 1161
1157 1163
1157 1250
1157 1667
1158 1160
1158 1162
1159 1160
1159 1162
1159 1163
1159 1894
1160 1161
1160 1163
1160 1536
1161 1162
1161 1163
1161 1716
1162 1165
1162 1166
1162 1958
1163 1391
1164 1170
1164 1501
1164 1664
1165 1167
1165 1168
1165 1169
1165 1442
1167 1170
1167 1293
1167 1548
1167 1781
1168 1172
1168 1425
1169 1329
1170 1172
1170 1304
1170 1485
1171 1172
1171 1174
1171 1229
1171 1299
1171 1768
1172 1173
1172 1175
1172 1176
1172 1357
1172 1384
1172 1428
1173 1175
1173 1177
1174 1850
1175 1176
1175 1177
1175 1178
1175 1290
1175 1885
1175 1995
1176 1177
1176 1179
1176 1180
1176 1219
1176 1311
1176 1373
1176 1591
1177 1180
1177 1273
1177 1453
1177 1489
1177 1559
1178 1179
1178 1180
1178 1182
1178 1942
1179 1180
1179 1182
1179 1183
1179 1491
1179 1751
1180 1182
1180 1183
1180 1757
1180 1843
1181 1182
1181 1528
1182 1185
1182 1186
1182 1453
1182 1941
1183 1184
1183 1185
1183 1186
1183 1187
1183 1399
1183 1515
1184 1187
1184 1913
1185 1187
1185 1188
1186 1187
1186 1189
1186 1674
1187 1188
1187 1189
1187 1191
1188 1189
1188 1191
1188 1192
1189 1190
1189 1192
1189 1193
1189 1808
1190 1191
1190 1193
1190 1194
1190 1548
1191 1192
1191 1195
1192 1193
1192 1194
1192 1195
1193 1195
1193 1196
1193 1576
1193 1715
1194 1195
1194 1196
1194 1197
1194 1412
1194 1841
1195 1196
1195 1198
1196 1197
1196 1198
1196 1884
1197 1198
1197 1199
1197 1200
1197 1871
1198 1200
1198 1201
1198 1202
1198 1427
1199 1201
1199 1488
1199 1799
1200 1203
1200 1639
1200 1769
1200 1909
1201 1202
1201 1205
1202 1204
1202 1254
1202 1256
1202 1573
1202 1754
1203 1204
1203 1205
1203 1207
1204 1654
1204 1738
1205 1208
1205 1209
1205 1834
1206 1207
1206 1456
1207 1429
1207 1732
1208 1210
1208 1615
1209 1210
1209 1211
1209 1414
1209 1431
1209 1559
1210 1211
1210 1212
1210 1431
1210 1712
1211 1212
1211 1886
1212 1213
1212 1215
1212 1216
1212 1845
1213 1216
1213 1217
1214 1216
1214 1217
1214 1282
1214 1673
1214 1745
1214 1746
1215 1217
1215 1218
1215 1326
1215 1846
1216 1218
1216 1219
1216 1220
1216 1890
1217 1218
1217 1789
1217 1912
1217 1916
1217 1971
1217 1984
1218 1219
1218 1285
1218 1350
1218 1975
1219 1223
1219 1344
1220 1221
1220 1223
1220 1326
1221 1222
1221 1223
1221 1224
1221 1225
1221 1909
1222 1224
1222 1225
1222 1623
1222 1706
1223 1224
1223 1225
1223 1226
1223 1227
1224 1225
1224 1227
1224 1228
1224 1822
1225 1226
1225 1487
1225 1858
1226 1228
1226 1516
1226 1746
1227 1228
1227 1230
1227 1451
1228 1229
1228 1230
1228 1231
1228 1430
1229 1233
1229 1948
1230 1233
1231 1232
1231 1233
1231 1235
1232 1233
1232 1234
1232 1756
1232 1797
1233 1235
1233 1237
1234 1235
1234 1237
1234 1238
1234 1850
1235 1236
1235 1582
1236 1237
1236 1238
1237 1238
1237 1240
1238 1239
1238 1240
1238 1242
1238 1790
1239 1240
1239 1241
1239 1420
1240 1241
1240 1756
1241 1244
1241 1269
1241 1320
1241 1413
1241 1535
1241 1666
1241 1806
1242 1299
1242 1336
1242 1573
1243 1245
1243 1246
1243 1779
1244 1246
1244 1247
1245 1421
1245 1513
1245 1581
1246 1247
1246 1437
1247 1250
1247 1251
1248 1252
1248 1486
1248 1582
1248 1587
1248 1629
1249 1250
1249 1252
1249 1253
1249 1786
1250 1253
1250 1277
1250 1406
1250 1587
1251 1252
1251 1253
1251 1254
1251 1255
1252 1253
1252 1254
1252 1256
1252 1596
1252 1846
1253 1254
1253 1257
1253 1887
1253 1934
1254 1499
1254 1675
1254 1858
1256 1257
1256 1258
1256 1260
1256 1836
1257 1258
1257 1606
1257 1706
1258 1259
1258 1260
1259 1260
1259 1261
1259 1511
1259 1563
1259 1746
1259 1983
1260 1261
1260 1262
1260 1958
1260 1968
1261 1715
1261 1902
1262 1264
1262 1265
1263 1264
1263 1265
1263 1266
1263 1290
1263 1485
1263 1777
1264 1266
1264 1662
1264 1796
1265 1266
1265 1269
1265 1683
1265 1830
1266 1267
1266 1268
1266 1568
1266 1577
1266 1713
1267 1269
1267 1270
1268 1269
1268 1488
1268 1845
1269 1270
1269 1377
1270 1272
1270 1274
1270 1419
1270 1745
1271 1272
1271 1273
1271 1274
1271 1275
1271 1910
1271 1919
1272 1275
1272 1276
1272 1293
1272 1696
1272 1872
1272 1941
1273 1275
1273 1406
1274 1278
1274 1652
1275 1277
1275 1278
1275 1279
1275 1448
1276 1279
1276 1280
1276 1527
1277 1278
1277 1280
1277 1281
1277 1553
1278 1343
1278 1395
1278 1535
1279 1280
1279 1281
1279 1282
1279 1854
1280 1281
1281 1285
1281 1342
1281 1992
1282 1286
1282 1810
1283 1285
1283 1325
1283 1331
1283 1469
1283 1809
1283 1913
1284 1286
1284 1287
1284 1288
1284 1855
1284 1955
1285 1287
1285 1288
1285 1289
1285 1862
1286 1289
1286 1290
1286 1573
1286 1956
1287 1288
1287 1290
1287 1291
1287 1772
1288 1291
1288 1789
1289 1291
1289 1292
1289 1293
1290 1291
1290 1292
1290 1294
1290 1582
1291 1292
1291 1295
1291 1768
1292 1293
1292 1296
1292 1931
1293 1294
1293 1296
1293 1529
1293 1844
1293 1932
1294 1298
1294 1328
1294 1492
1294 1621
1295 1298
1295 1299
1295 1386
1295 1492
1295 1694
1295 1899
1296 1297
1296 1300
1297 1490
1298 1299
1298 1301
1298 1302
1298 1953
1298 1966
1299 1301
1299 1303
1300 1455
1301 1302
1301 1303
1302 1303
1303 1304
1303 1305
1303 1306
1303 1307
1303 1366
1304 1305
1304 1306
1304 1307
1304 1707
1304 1868
1304 1896
1305 1307
1305 1466
1306 1308
1307 1309
1307 1310
1307 1471
1308 1309
1308 1310
1308 1330
1308 1663
1308 1888
1308 1894
1309 1310
1309 1311
1309 1312
1309 1313
1309 1608
1309 1946
1310 1312
1310 1314
1310 1572
1311 1312
1311 1314
1311 1315
1311 1431
1311 1781
1311 1859
1312 1313
1312 1314
1312 1315
1312 1316
1313 1314
1313 1317
1313 1320
1313 1532
1314 1315
1314 1318
1314 1873
1314 1880
1315 1316
1315 1319
1316 1318
1316 1459
1316 1706
1317 1318
1317 1319
1317 1321
1317 1478
1317 1742
1317 1894
1318 1319
1318 1320
1318 1322
1318 1801
1319 1583
1319 1650
1320 1321
1320 1363
1320 1566
1320 1615
1320 1773
1321 1325
1321 1525
1322 1323
1322 1324
1322 1521
1322 1609
1322 1676
1322 1701
1323 1894
1324 1327
1324 1328
1324 1451
1325 1326
1325 1327
1325 1424
1325 1768
1326 1327
1326 1329
1326 1371
1326 1457
1327 1329
1327 1331
1328 1331
1328 1590
1328 1793
1329 1330
1329 1668
1329 1749
1329 1867
1331 1332
1331 1333
1331 1334
1331 1883
1332 1506
1332 1643
1332 1661
1333 1334
1333 1335
1333 1336
1333 1337
1333 1417
1334 1335
1334 1807
1335 1366
1335 1977
1336 1337
1336 1339
1337 1338
1337 1592
1338 1339
1338 1341
1338 1397
1338 1530
1338 1589
1339 1343
1339 1678
1340 1341
1340 1343
1340 1344
1340 1398
1340 1503
1340 1671
1340 1876
1341 1342
1341 1536
1341 1687
1342 1345
1342 1346
1343 1344
1343 1346
1343 1660
1344 1347
1344 1486
1344 1739
1344 1922
1344 1950
1345 1347
1345 1582
1346 1348
1346 1350
1346 1892
1347 1349
1347 1351
1347 1530
1347 1611
1348 1349
1348 1350
1349 1402
1349 1467
1349 1585
1350 1352
1350 1354
1350 1372
1350 1429
1351 1353
1351 1355
1351 1572
1352 1353
1352 1354
1352 1355
1352 1810
1353 1355
1353 1564
1353 1918
1354 1355
1354 1357
1355 1356
1355 1357
1355 1409
1356 1357
1356 1358
1357 1358
1357 1359
1358 1360
1358 1362
1358 1965
1359 1362
1359 1363
1359 1607
1360 1361
1360 1362
1360 1363
1360 1364
1361 1364
1361 1369
1361 1394
1361 1532
1362 1363
1362 1364
1363 1365
1363 1367
1363 1653
1364 1367
1364 1368
1364 1904
1364 1929
1364 1951
1365 1366
1365 1368
1365 1393
1365 1678
1365 1923
1366 1369
1366 1370
1366 1374
1366 1678
1367 1774
1367 1805
1367 1877
1368 1370
1368 1819
1369 1370
1369 1373
1369 1775
1369 1844
1369 1943
1370 1371
1370 1373
1371 1373
1371 1763
1372 1374
1372 1375
1373 1376
1373 1482
1373 1899
1373 1971
1374 1375
1374 1376
1375 1377
1375 1378
1375 1379
1375 1574
1375 1627
1376 1379
1376 1836
1376 1897
1377 1379
1377 1381
1378 1395
1378 1404
1378 1676
1378 1978
1379 1381
1380 1381
1380 1798
1381 1382
1381 1383
1381 1385
1382 1543
1382 1856
1383 1385
1383 1386
1383 1806
1383 1869
1384 1385
1384 1386
1384 1473
1384 1550
1384 1699
1384 1954
1385 1386
1385 1746
1386 1387
1386 1389
1386 1534
1387 1389
1387 1391
1387 1556
1388 1535
1388 1580
1389 1390
1389 1391
1389 1392
1389 1393
1389 1422
1389 1764
1390 1394
1390 1677
1390 1752
1390 1792
1391 1392
1391 1393
1391 1394
1391 1440
1392 1394
1392 1395
1392 1843
1392 1935
1392 1990
1393 1394
1393 1395
1393 1396
1393 1397
1393 1778
1393 1907
1394 1396
1394 1398
1395 1399
1395 1692
1396 1397
1396 1398
1397 1400
1398 1399
1398 1659
1398 1916
1399 1401
1399 1917
1400 1401
1400 1404
1400 1406
1401 1403
1402 1404
1402 1406
1402 1731
1402 1809
1402 1862
1403 1405
1403 1406
1403 1808
1403 1901
1404 1405
1404 1406
1404 1407
1404 1464
1404 1509
1405 1406
1405 1942
1406 1407
1406 1420
1407 1409
1407 1410
1408 1409
1408 1410
1408 1411
1408 1412
1408 1617
1409 1412
1410 1411
1410 1412
1410 1858
1411 1415
1411 1995
1412 1414
1412 1670
1412 1878
1412 1952
1413 1415
1413 1416
1413 1588
1413 1777
1414 1418
1414 1420
1414 1659
1414 1898
1414 1992
1415 1417
1415 1418
1415 1419
1415 1503
1416 1417
1416 1447
1417 1419
1417 1420
1417 1421
1417 1757
1418 1419
1419 1422
1419 1423
1419 1694
1420 1421
1420 1424
1421 1423
1421 1424
1421 1425
1421 1551
1421 1794
1422 1423
1422 1425
1422 1470
1423 1425
1423 1426
1423 1667
1423 1884
1424 1427
1424 1428
1424 1828
1425 1615
1426 1428
1426 1430
1426 1722
1426 1928
1426 1978
1428 1429
1429 1432
1429 1433
1429 1449
1429 1545
1430 1431
1430 1433
1430 1434
1430 1502
1430 1550
1430 1827
1431 1432
1431 1435
1431 1645
1432 1436
1432 1679
1433 1434
1433 1435
1433 1437
1433 1602
1434 1436
1434 1437
1434 1438
1435 1438
1435 1439
1436 1438
1436 1439
1436 1440
1437 1438
1437 1570
1437 1795
1437 1797
1438 1439
1438 1440
1438 1441
1438 1481
1438 1913
1438 1983
1439 1441
1439 1442
1439 1549
1440 1444
1441 1444
1441 1794
1441 1838
1442 1443
1442 1445
1442 1446
1442 1985
1443 1445
1443 1599
1443 1962
1444 1445
1444 1446
1444 1447
1444 1500
1444 1676
1444 1880
1445 1446
1445 1449
1445 1843
1446 1447
1446 1449
1446 1450
1446 1987
1447 1448
1447 1451
1447 1805
1448 1451
1448 1790
1449 1450
1449 1453
1449 1485
1449 1694
1449 1760
1451 1452
1451 1829
1452 1453
1452 1454
1452 1635
1453 1454
1453 1455
1453 1456
1454 1457
1454 1744
1455 1457
1455 1458
1456 1457
1457 1458
1457 1459
1457 1461
1457 1646
1458 1460
1458 1462
1459 1497
1459 1734
1460 1461
1460 1462
1460 1463
1460 1464
1461 1462
1461 1465
1461 1623
1461 1872
1461 1899
1462 1463
1462 1465
1462 1761
1462 1995
1463 1465
1463 1466
1463 1467
1463 1890
1464 1466
1464 1467
1464 1468
1465 1468
1465 1614
1466 1469
1466 1470
1466 1706
1467 1471
1467 1819
1468 1470
1468 1471
1468 1472
1468 1559
1469 1471
1469 1472
1469 1635
1469 1706
1470 1471
1470 1472
1470 1474
1470 1549
1471 1474
1471 1557
1472 1593
1473 1477
1473 1836
1474 1477
1474 1510
1474 1763
1475 1476
1475 1480
1476 1477
1476 1479
1476 1823
1477 1479
1477 1480
1477 1481
1477 1611
1478 1481
1478 1832
1479 1480
1480 1860
1480 1866
1480 1997
1481 1483
1481 1554
1481 1942
1482 1484
1482 1485
1482 1712
1482 1715
1483 1484
1483 1485
1483 1486
1483 1615
1484 1486
1485 1584
1487 1490
1487 1622
1487 1718
1488 1489
1488 1492
1488 1758
1489 1491
1489 1492
1489 1493
1489 1729
1490 1493
1490 1642
1490 1716
1490 1936
1491 1495
1491 1810
1492 1550
1493 1494
1493 1495
1493 1496
1494 1495
1494 1496
1494 1497
1495 1496
1496 1497
1497 1499
1497 1501
1497 1511
1497 1749
1497 1783
1497 1811
1497 1927
1498 1727
1499 1500
1499 1503
1499 1928
1500 1501
1500 1503
1501 1504
1501 1505
1501 1876
1502 1585
1503 1507
1504 1505
1504 1506
1504 1638
1504 1873
1504 1878
1505 1506
1506 1508
1506 1509
1507 1508
1507 1510
1508 1509
1508 1512
1509 1511
1509 1512
1509 1513
1509 1823
1510 1513
1510 1514
1511 1514
1512 1513
1512 1515
1513 1514
1513 1515
1514 1515
1514 1516
1514 1591
1514 1682
1515 1518
1515 1577
1515 1841
1516 1517
1516 1519
1516 1716
1516 1734
1516 1867
1517 1518
1518 1519
1519 1523
1519 1769
1519 1862
1520 1522
1520 1569
1520 1801
1520 1828
1521 1523
1521 1524
1521 1658
1521 1926
1522 1523
1522 1525
1522 1526
1523 1524
1523 1527
1523 1686
1524 1525
1524 1527
1524 1626
1524 1946
1524 1950
1525 1527
1526 1528
1526 1529
1526 1530
1526 1681
1527 1529
1527 1777
1528 1532
1528 1655
1528 1843
1529 1530
1529 1531
1529 1533
1529 1805
1529 1880
1530 1544
1530 1995
1531 1532
1531 1533
1531 1534
1531 1535
1531 1659
1531 1676
1531 1744
1532 1534
1532 1536
1533 1537
1533 1923
1534 1535
1534 1536
1534 1537
1534 1538
1535 1536
1535 1539
1535 1727
1536 1540
1537 1540
1537 1659
1537 1875
1537 1999
1538 1539
1538 1541
1538 1542
1539 1540
1539 1541
1540 1544
1540 1750
1541 1542
1541 1543
1541 1915
1542 1543
1542 1544
1542 1546
1542 1669
1543 1545
1543 1546
1543 1547
1543 1614
1543 1740
1543 1954
1544 1545
1544 1546
1544 1547
1544 1548
1545 1681
1546 1547
1546 1548
1546 1549
1546 1550
1547 1653
1548 1549
1548 1552
1549 1552
1549 1666
1549 1961
1550 1553
1550 1554
1550 1759
1551 1555
1552 1554
1552 1555
1552 1935
1553 1554
1553 1555
1553 1556
1553 1557
1553 1576
1554 1558
1554 1986
1555 1557
1555 1558
1555 1688
1556 1557
1556 1560
1556 1846
1556 1988
1556 1993
1557 1558
1557 1560
1558 1559
1558 1560
1558 1561
1559 1562
1560 1561
1560 1562
1560 1563
1560 1564
1561 1562
1561 1564
1561 1565
1561 1687
1561 1692
1562 1564
1562 1566
1563 1566
1564 1567
1564 1568
1564 1865
1564 1960
1565 1567
1565 1568
1565 1922
1566 1567
1566 1568
1566 1569
1566 1570
1566 1728
1566 1820
1567 1569
1567 1571
1568 1569
1569 1571
1570 1573
1570 1694
1571 1573
1571 1575
1571 1597
1572 1573
1572 1574
1572 1575
1572 1576
1572 1660
1573 1590
1574 1575
1574 1576
1574 1577
1574 1578
1575 1577
1575 1578
1575 1672
1576 1579
1576 1580
1576 1654
1577 1581
1578 1830
1579 1704
1580 1581
1580 1582
1580 1583
1580 1608
1581 1582
1581 1585
1581 1896
1581 1974
1582 1584
1582 1779
1582 1984
1583 1586
1583 1587
1583 1969
1584 1586
1584 1587
1585 1587
1585 1589
1585 1904
1585 1979
1586 1588
1586 1589
1586 1590
1587 1589
1587 1590
1587 1591
1588 1589
1588 1590
1588 1591
1588 1592
1589 1590
1590 1591
1590 1592
1590 1593
1590 1594
1591 1937
1592 1593
1592 1594
1592 1596
1592 1977
1592 1978
1593 1594
1593 1595
1593 1597
1594 1596
1594 1597
1594 1598
1594 1857
1595 1596
1595 1598
1595 1599
1596 1600
1597 1598
1597 1600
1597 1778
1598 1599
1598 1600
1598 1601
1598 1602
1599 1600
1599 1601
1599 1602
1599 1603
1599 1934
1599 1937
1600 1604
1601 1602
1601 1603
1601 1604
1601 1605
1602 1604
1602 1606
1602 1833
1603 1605
1603 1643
1603 1926
1604 1605
1604 1606
1604 1607
1605 1608
1605 1609
1605 1754
1606 1610
1606 1855
1607 1608
1607 1609
1607 1730
1607 1994
1608 1609
1608 1611
1608 1612
1608 1731
1609 1610
1609 1612
1610 1611
1610 1613
1611 1619
1611 1891
1612 1613
1612 1615
1612 1616
1612 1892
1613 1614
1613 1615
1613 1616
1613 1617
1613 1927
1613 1948
1614 1615
1615 1616
1615 1617
1615 1772
1616 1617
1616 1618
1616 1620
1616 1742
1617 1618
1617 1619
1618 1620
1618 1621
1619 1620
1619 1622
1619 1623
1620 1623
1620 1917
1621 1623
1621 1625
1621 1911
1622 1623
1622 1624
1624 1625
1624 1626
1624 1627
1624 1628
1624 1778
1624 1961
1625 1628
1625 1629
1625 1753
1626 1627
1627 1630
1627 1631
1627 1850
1627 1936
1627 1938
1628 1630
1628 1631
1628 1632
1628 1939
1629 1631
1630 1631
1630 1632
1630 1634
1630 1864
1631 1632
1631 1633
1631 1634
1632 1958
1633 1635
1633 1637
1634 1636
1634 1785
1634 1855
1635 1636
1635 1638
1636 1638
1637 1638
1637 1827
1638 1639
1638 1641
1638 1642
1639 1642
1639 1643
1639 1831
1640 1642
1640 1643
1640 1644
1640 1665
1641 1642
1642 1643
1642 1644
1642 1892
1643 1645
1643 1646
1643 1647
1644 1648
1645 1646
1645 1648
1646 1647
1646 1648
1646 1650
1646 1839
1647 1648
1647 1954
1647 1980
1648 1649
1648 1650
1648 1651
1648 1652
1648 1989
1649 1650
1649 1651
1649 1652
1649 1653
1649 1845
1650 1653
1650 1654
1650 1743
1651 1654
1651 1655
1651 1827
1652 1653
1652 1654
1653 1656
1653 1657
1653 1889
1655 1658
1655 1659
1655 1951
1656 1657
1656 1659
1656 1784
1657 1658
1657 1659
1657 1661
1658 1660
1658 1661
1658 1995
1659 1660
1659 1662
1659 1663
1661 1663
1661 1664
1661 1701
1661 1899
1662 1663
1662 1665
1663 1664
1663 1666
1663 1667
1663 1968
1664 1667
1665 1668
1665 1669
1666 1668
1666 1670
1667 1668
1667 1669
1667 1735
1668 1670
1668 1671
1669 1673
1670 1674
1671 1673
1671 1674
1671 1930
1671 1969
1671 1982
1672 1673
1672 1676
1672 1774
1672 1884
1673 1676
1673 1677
1674 1675
1674 1677
1675 1676
1676 1678
1676 1679
1677 1679
1677 1681
1679 1680
1679 1682
1679 1725
1679 1729
1680 1681
1680 1684
1680 1704
1681 1682
1681 1685
1682 1683
1682 1709
1683 1684
1683 1686
1684 1685
1684 1686
1684 1687
1684 1688
1684 1716
1685 1686
1685 1688
1685 1689
1686 1688
1686 1689
1686 1690
1687 1688
1687 1691
1687 1743
1687 1840
1688 1690
1688 1691
1689 1691
1690 1692
1690 1693
1691 1693
1691 1694
1692 1694
1692 1695
1692 1718
1692 1946
1693 1694
1693 1695
1693 1696
1693 1960
1694 1695
1694 1697
1694 1698
1695 1699
1695 1763
1695 1945
1696 1697
1696 1698
1696 1700
1697 1698
1697 1700
1697 1809
1697 1885
1698 1699
1698 1700
1698 1701
1699 1700
1699 1702
1700 1704
1700 1810
1701 1703
1701 1704
1701 1705
1701 1707
1702 1703
1702 1704
1702 1705
1702 1857
1703 1705
1703 1706
1703 1707
1703 1874
1703 1915
1704 1707
1704 1708
1705 1706
1705 1709
1706 1708
1706 1709
1706 1888
1706 1950
1707 1708
1707 1709
1707 1711
1708 1711
1709 1731
1709 1759
1710 1712
1710 1714
1710 1956
1711 1712
1711 1713
1711 1714
1712 1713
1712 1714
1712 1716
1713 1714
1713 1717
1713 1963
1714 1715
1714 1717
1714 1718
1714 1889
1715 1716
1715 1717
1715 1719
1716 1717
1716 1718
1717 1719
1717 1720
1718 1719
1718 1720
1718 1921
1719 1720
1720 1721
1720 1722
1721 1724
1721 1725
1721 1742
1721 1781
1723 1724
1723 1725
1723 1727
1724 1727
1725 1728
1725 1764
1726 1729
1726 1770
1726 1803
1726 1827
1727 1729
1727 1730
1727 1731
1728 1729
1728 1732
1728 1947
1729 1731
1729 1732
1730 1732
1730 1733
1731 1732
1731 1733
1731 1735
1732 1734
1732 1735
1732 1736
1732 1869
1733 1735
1734 1736
1734 1738
1734 1796
1735 1736
1735 1737
1735 1995
1736 1740
1737 1739
1737 1740
1737 1872
1738 1739
1738 1740
1738 1741
1739 1741
1739 1743
1740 1741
1740 1742
1740 1935
1741 1742
1741 1743
1741 1744
1741 1745
1742 1744
1742 1746
1743 1745
1743 1746
1743 1747
1743 1782
1744 1748
1744 1834
1745 1749
1746 1747
1746 1749
1747 1749
1747 1900
1748 1749
1748 1750
1749 1751
1749 1752
1749 1753
1750 1754
1750 1821
1750 1921
1751 1752
1751 1754
1752 1753
1752 1798
1753 1757
1753 1796
1754 1755
1754 1756
1754 1758
1755 1756
1755 1757
1756 1758
1756 1864
1757 1758
1757 1759
1757 1761
1758 1760
1759 1760
1759 1761
1759 1762
1760 1762
1760 1763
1760 1988
1761 1762
1761 1764
1761 1765
1762 1763
1762 1765
1763 1766
1763 1767
1763 1988
1765 1767
1765 1768
1765 1769
1766 1768
1766 1769
1766 1770
1767 1769
1767 1800
1768 1769
1768 1770
1768 1771
1768 1772
1768 1811
1769 1772
1769 1773
1770 1772
1770 1774
1771 1774
1771 1909
1772 1773
1772 1774
1772 1775
1772 1776
1774 1775
1774 1776
1774 1777
1776 1780
1776 1825
1777 1818
1777 1864
1778 1779
1778 1780
1778 1782
1778 1817
1779 1781
1779 1782
1779 1783
1779 1807
1780 1781
1780 1782
1781 1808
1781 1891
1782 1783
1782 1786
1783 1784
1784 1787
1785 1787
1785 1789
1785 1924
1786 1787
1787 1789
1787 1790
1788 1792
1788 1913
1789 1858
1789 1875
1790 1791
1790 1793
1790 1935
1790 1962
1791 1792
1791 1794
1791 1795
1791 1862
1792 1795
1792 1874
1793 1794
1794 1795
1795 1796
1795 1797
1795 1799
1796 1799
1796 1800
1796 1925
1797 1798
1797 1800
1798 1799
1798 1800
1798 1931
1799 1801
1799 1802
1799 1814
1800 1802
1800 1803
1800 1804
1800 1848
1801 1802
1801 1803
1802 1803
1802 1805
1802 1806
1803 1804
1803 1805
1804 1805
1804 1806
1804 1987
1805 1821
1805 1989
1806 1807
1806 1808
1806 1809
1806 1810
1807 1808
1807 1815
1808 1810
1808 1812
1809 1811
1810 1811
1810 1813
1811 1815
1812 1814
1813 1814
1813 1815
1813 1816
1814 1816
1814 1817
1815 1816
1816 1817
1816 1820
1817 1818
1817 1821
1818 1821
1819 1820
1819 1821
1819 1823
1820 1821
1820 1822
1820 1823
1820 1824
1821 1822
1821 1823
1821 1824
1821 1825
1822 1825
1822 1826
1823 1826
1823 1827
1824 1827
1824 1849
1825 1834
1826 1827
1826 1828
1826 1829
1827 1830
1827 1831
1828 1829
1828 1830
1829 1831
1830 1831
1830 1832
1830 1833
1831 1833
1831 1834
1831 1835
1831 1903
1832 1833
1832 1834
1832 1835
1832 1891
1833 1837
1834 1835
1834 1836
1835 1836
1835 1837
1835 1838
1835 1898
1836 1837
1836 1838
1836 1839
1837 1838
1837 1839
1838 1841
1838 1885
1839 1842
1839 1843
1841 1843
1841 1844
1841 1880
1841 1983
1842 1844
1843 1844
1843 1845
1843 1847
1844 1845
1844 1846
1844 1847
1845 1846
1845 1847
1845 1848
1846 1847
1846 1848
1846 1930
1847 1848
1848 1849
1848 1852
1848 1950
1849 1851
1849 1852
1850 1851
1850 1852
1850 1853
1850 1854
1850 1901
1851 1852
1851 1853
1851 1855
1851 1969
1852 1854
1852 1856
1852 1932
1853 1855
1853 1857
1854 1856
1854 1857
1855 1857
1855 1859
1856 1858
1856 1860
1856 1965
1857 1860
1858 1861
1858 1862
1859 1860
1859 1861
1859 1863
1860 1861
1860 1862
1860 1863
1861 1862
1861 1863
1861 1864
1861 1865
1861 1935
1862 1863
1862 1864
1862 1866
1863 1864
1863 1865
1863 1866
1864 1865
1865 1866
1866 1868
1866 1870
1867 1870
1867 1887
1868 1870
1868 1871
1868 1872
1869 1870
1869 1871
1869 1872
1869 1873
1870 1872
1871 1872
1871 1873
1871 1874
1871 1939
1871 1989
1872 1873
1872 1874
1872 1876
1873 1875
1873 1876
1875 1877
1876 1877
1876 1880
1877 1878
1877 1879
1878 1880
1878 1881
1878 1882
1878 1975
1879 1880
1879 1881
1879 1882
1879 1883
1881 1882
1881 1883
1881 1884
1882 1884
1882 1885
1882 1890
1882 1921
1883 1885
1883 1887
1884 1886
1884 1888
1885 1886
1885 1887
1885 1888
1885 1889
1886 1888
1886 1889
1887 1888
1887 1890
1887 1891
1888 1889
1888 1891
1888 1892
1889 1890
1889 1891
1889 1892
1889 1893
1890 1894
1891 1892
1891 1893
1892 1894
1893 1894
1893 1896
1893 1897
1893 1978
1894 1898
1895 1897
1895 1899
1896 1897
1896 1922
1897 1898
1897 1900
1898 1899
1899 1901
1900 1904
1900 1906
1901 1902
1901 1903
1901 1905
1902 1903
1902 1906
1903 1905
1903 1907
1904 1908
1905 1906
1905 1908
1905 1909
1906 1907
1906 1908
1906 1910
1907 1987
1908 1910
1908 1911
1908 1912
1909 1910
1910 1914
1911 1912
1911 1915
1912 1914
1912 1916
1913 1914
1914 1915
1914 1916
1914 1917
1914 1918
1915 1916
1915 1917
1916 1918
1917 1919
1917 1920
1918 1919
1918 1921
1918 1948
1919 1920
1919 1921
1919 1922
1919 1923
1920 1921
1920 1922
1920 1924
1921 1923
1921 1925
1922 1924
1922 1926
1923 1926
1924 1928
1925 1929
1925 1954
1926 1927
1926 1929
1926 1930
1927 1931
1928 1929
1928 1930
1928 1931
1928 1932
1929 1930
1929 1931
1931 1932
1931 1933
1932 1934
1932 1943
1933 1934
1933 1936
1934 1936
1934 1938
1936 1939
1936 1940
1937 1938
1937 1939
1937 1940
1938 1940
1939 1943
1940 1941
1940 1942
1940 1943
1940 1944
1941 1945
1942 1943
1943 1944
1943 1945
1944 1945
1944 1946
1944 1947
1944 1948
1945 1947
1945 1949
1946 1947
1946 1948
1946 1950
1947 1948
1947 1950
1948 1949
1948 1951
1949 1951
1949 1952
1949 1953
1951 1952
1951 1954
1952 1954
1952 1955
1952 1956
1953 1954
1953 1955
1954 1956
1954 1957
1954 1958
1955 1957
1956 1957
1956 1959
1957 1958
1957 1959
1957 1960
1957 1975
1958 1960
1958 1962
1959 1960
1959 1961
1959 1962
1959 1979
1960 1961
1960 1962
1960 1963
1961 1962
1961 1964
1961 1965
1962 1965
1963 1965
1963 1966
1964 1965
1964 1966
1964 1967
1964 1968
1965 1967
1965 1969
1966 1967
1966 1968
1966 1969
1966 1970
1967 1970
1968 1969
1968 1971
1968 1972
1969 1970
1969 1972
1970 1971
1970 1972
1970 1973
1971 1972
1971 1991
1972 1973
1972 1975
1972 1976
1973 1974
1973 1976
1973 1977
1974 1976
1974 1977
1974 1978
1975 1976
1975 1977
1975 1978
1975 1979
1976 1977
1976 1978
1976 1979
1976 1980
1977 1978
1977 1979
1977 1980
1978 1982
1979 1980
1980 1981
1980 1983
1981 1982
1981 1983
1982 1985
1983 1986
1983 1987
1985 1986
1985 1987
1986 1987
1986 1988
1986 1990
1987 1990
1988 1991
1988 1992
1989 1990
1989 1992
1990 1992
1992 1993
1993 1997
1994 1995
1994 1996
1994 1997
1995 1996
1996 1999
1997 1998
1997 1999
