0 3
0 214
0 492
0 1334
0 1997
0 1998
1 2
1 421
1 548
1 963
1 1452
1 1997
1 1999
2 3
2 4
2 5
2 420
2 436
2 610
2 1059
2 1994
2 1998
2 1999
3 4
3 5
3 7
3 1476
3 1568
3 1810
3 1999
4 5
4 6
4 925
4 1878
5 6
5 7
5 969
5 1529
6 9
6 215
6 269
6 797
6 1438
6 1737
6 1831
6 1895
7 8
7 9
7 11
7 240
7 568
7 1496
8 12
8 323
8 688
9 13
9 25
9 342
9 798
9 1587
10 12
10 702
10 932
10 938
10 1790
11 12
11 13
11 14
11 15
11 16
11 609
11 1132
12 14
12 16
12 329
12 1304
12 1372
13 14
13 16
13 241
13 755
14 16
14 17
14 215
14 546
14 772
14 992
14 1018
16 27
16 121
16 286
16 492
16 956
16 1539
17 18
17 21
17 497
17 668
17 1393
17 1739
18 19
18 20
18 290
18 567
18 1192
18 1645
18 1847
19 22
19 23
19 39
19 111
19 511
19 637
19 769
19 908
20 21
20 22
20 23
20 565
20 1486
20 1833
21 22
21 971
21 1010
21 1382
22 25
22 173
22 208
22 386
22 818
22 940
23 25
23 26
23 569
23 849
23 1127
23 1382
23 1926
24 27
24 98
24 324
24 384
24 486
24 669
24 1179
24 1420
24 1885
25 28
25 458
25 751
25 849
25 1554
25 1594
25 1708
26 29
26 136
26 1354
26 1606
26 1645
27 29
27 30
27 31
27 216
27 477
27 1359
27 1594
27 1870
28 29
28 30
28 408
28 669
28 1317
28 1553
28 1616
28 1735
28 1830
28 1884
28 1941
29 30
29 32
29 33
29 313
29 1102
29 1458
29 1952
30 32
30 33
30 424
30 459
30 1217
30 1240
30 1684
31 34
31 35
31 434
31 577
31 1263
32 35
32 432
32 562
32 1539
32 1544
33 34
33 35
33 36
33 37
33 338
33 1082
33 1675
34 36
34 1207
34 1351
34 1370
34 1385
35 36
35 37
35 39
35 1617
35 1949
36 37
36 39
36 40
36 351
36 391
37 39
37 267
37 1090
37 1435
37 1728
37 1937
38 695
38 745
38 853
38 1310
39 43
39 363
39 1186
39 1229
39 1592
40 42
40 124
40 1433
41 42
41 43
41 44
41 45
41 401
41 976
41 1106
41 1274
41 1634
42 43
42 44
42 46
42 111
42 1105
42 1153
42 1396
42 1759
42 1865
43 44
43 45
43 46
43 47
43 203
43 687
43 1107
43 1233
44 46
44 47
44 48
44 168
44 1363
44 1693
44 1705
45 47
45 48
45 306
45 1409
45 1720
45 1774
45 1855
45 1885
46 48
46 49
46 672
47 48
47 49
47 50
47 51
47 926
47 1056
48 49
48 51
48 486
48 1033
49 50
49 52
49 53
49 1273
49 1523
50 51
50 52
50 54
51 53
51 283
51 365
51 953
51 1660
52 265
52 1293
52 1386
52 1498
53 56
53 57
53 241
53 648
53 813
53 1015
53 1332
54 57
54 474
54 546
54 793
54 1572
54 1584
55 56
55 57
55 59
55 141
55 686
55 961
55 1326
55 1383
56 57
56 58
56 60
56 491
56 748
56 1555
57 58
57 1345
57 1348
57 1623
57 1833
57 1976
58 60
58 61
58 425
58 1286
58 1931
59 61
59 62
59 63
59 532
59 739
59 1100
59 1244
59 1261
59 1538
59 1546
59 1727
60 61
60 63
60 917
60 1050
60 1406
60 1880
61 62
61 63
61 352
61 637
61 1373
61 1477
61 1892
62 64
62 65
62 194
62 370
62 466
62 1316
63 64
63 65
63 66
63 67
63 341
63 1768
63 1954
64 67
64 68
64 288
64 514
65 67
65 68
65 69
65 1588
66 67
66 69
66 168
66 515
66 1484
66 1806
67 71
67 196
67 285
67 540
67 1205
67 1504
67 1698
67 1808
68 69
68 70
68 816
68 981
68 1874
68 1965
69 72
69 78
69 373
69 639
69 1169
69 1225
69 1444
69 1460
69 1699
70 73
70 1369
70 1927
71 72
71 531
71 907
71 1248
71 1770
71 1778
71 1895
72 75
72 76
72 409
72 616
72 1457
72 1716
72 1760
73 75
73 675
73 1847
73 1961
74 75
74 76
74 77
74 78
74 534
74 1124
75 76
75 77
75 79
75 1715
76 979
76 1214
76 1744
76 1862
77 80
77 81
77 728
77 1043
77 1288
77 1835
78 79
78 80
78 81
78 306
78 376
78 912
78 1249
79 282
79 703
79 1041
79 1131
79 1718
79 1911
79 1943
80 83
80 84
80 806
80 1174
81 84
81 681
81 1074
82 83
82 86
82 1430
82 1823
83 84
83 86
83 87
83 629
83 1472
84 85
84 86
84 87
84 548
84 785
84 1771
85 86
85 1062
85 1363
85 1881
86 88
86 642
86 750
86 862
86 1290
86 1678
87 89
87 90
87 91
87 140
87 775
87 1005
88 92
88 353
88 827
88 960
88 1089
88 1319
88 1490
88 1579
89 90
89 92
89 459
89 989
89 1676
90 92
90 141
90 820
90 960
90 1385
90 1566
91 92
91 93
91 95
91 158
91 269
91 549
91 582
91 1179
91 1364
92 93
92 94
92 95
92 774
92 1760
93 94
93 95
93 96
93 435
93 1223
93 1983
94 95
94 96
94 97
94 98
94 875
95 97
95 98
96 99
96 881
96 1100
96 1622
96 1872
96 1940
97 100
97 101
97 1170
97 1951
97 1969
97 1991
98 100
98 101
98 680
98 930
98 952
98 1322
98 1802
99 100
99 243
99 738
99 861
99 1449
99 1544
100 101
100 102
100 188
100 469
100 1746
101 102
101 103
101 104
101 105
101 1094
101 1246
101 1251
101 1960
102 316
102 405
102 521
102 835
102 1031
103 104
103 358
103 638
103 854
103 1011
103 1633
104 106
104 107
104 1723
105 376
105 573
105 1202
105 1280
105 1317
105 1876
105 1960
106 108
106 109
106 708
106 1099
107 110
107 406
107 922
107 1074
107 1224
108 109
108 110
108 111
108 1108
108 1195
109 110
109 112
109 1169
109 1612
109 1874
110 114
110 315
110 547
110 606
110 1141
111 114
111 115
111 215
111 1176
111 1433
112 113
112 114
112 194
112 399
112 405
112 689
112 767
112 807
112 1780
113 115
113 116
113 177
113 233
113 1386
113 1580
114 115
114 117
114 363
114 835
114 1176
114 1583
114 1898
115 116
115 117
115 118
115 332
115 365
116 119
116 293
116 1279
117 118
117 120
117 134
117 307
117 313
117 701
117 930
117 1162
118 119
118 120
118 122
118 689
118 841
119 123
119 574
119 1614
120 122
120 343
120 721
120 1139
121 122
121 124
121 125
121 352
121 1091
121 1367
121 1447
121 1467
122 123
122 124
122 125
122 126
122 756
122 1636
122 1647
123 124
123 125
123 127
123 604
123 1063
123 1387
124 125
124 126
124 128
124 664
124 1596
125 127
125 129
125 610
125 885
125 1105
125 1386
126 127
126 129
126 345
126 1999
127 129
127 130
127 131
127 233
127 243
127 472
127 838
127 1567
128 129
128 130
128 131
128 132
128 378
128 1314
128 1470
128 1807
129 130
129 131
129 132
129 196
129 275
130 132
130 134
130 274
130 533
130 844
130 1627
130 1701
130 1702
131 133
131 135
131 372
131 566
131 973
131 1185
131 1479
132 135
132 136
132 418
132 854
132 1092
132 1524
132 1720
133 135
133 136
133 244
133 475
133 816
133 1119
133 1405
133 1719
134 136
134 137
134 1334
134 1539
134 1714
135 138
135 174
135 561
135 983
135 1267
135 1936
136 139
136 140
136 437
136 501
136 644
137 138
137 140
137 141
137 1770
138 139
138 140
138 142
138 175
139 141
139 143
139 192
139 552
139 1013
139 1473
139 1899
140 142
140 715
140 1393
141 142
141 145
141 1629
141 1839
142 143
142 146
142 360
142 492
142 1837
142 1915
143 145
143 147
143 227
143 266
143 424
143 888
143 1771
143 1861
144 145
144 374
144 507
144 792
144 977
144 1262
144 1353
144 1549
144 1802
145 147
145 149
145 563
145 584
145 1058
145 1396
145 1817
146 147
146 1403
146 1574
146 1968
147 148
147 149
147 151
147 1087
147 1181
148 149
148 150
148 155
148 276
148 619
148 1941
149 150
149 151
149 152
149 295
149 1760
149 1861
150 151
150 153
150 359
150 615
150 1424
150 1513
150 1786
151 152
151 154
151 1936
152 154
152 155
152 1495
152 1528
152 1597
152 1642
152 1902
153 154
153 155
153 156
153 157
153 167
153 231
153 984
153 1835
154 155
154 193
154 254
154 582
154 1763
154 1813
155 158
155 159
155 364
155 1764
156 159
156 277
156 554
156 750
157 158
157 788
157 818
158 159
158 161
158 162
158 1790
158 1828
159 160
159 161
159 162
159 163
159 1070
159 1078
159 1591
159 1830
160 161
160 163
160 443
160 444
160 1022
160 1061
160 1190
160 1224
160 1947
160 1955
161 162
161 164
161 443
161 1215
161 1230
161 1588
162 163
162 164
162 165
162 166
162 598
163 165
163 166
163 167
163 970
163 1486
163 1959
164 167
164 328
165 167
165 168
165 169
165 610
165 870
165 1136
165 1149
166 167
166 170
166 269
166 676
166 737
166 928
167 169
167 170
167 266
167 543
167 1277
168 171
168 172
168 437
168 458
168 701
168 1217
168 1776
168 1911
169 170
169 172
169 510
169 809
169 1109
169 1397
169 1698
170 171
170 830
170 934
170 1197
170 1943
171 173
171 175
171 384
171 865
172 174
172 175
172 354
172 369
172 419
172 1246
172 1916
173 242
173 362
173 647
173 721
173 1031
173 1676
173 1958
174 175
174 520
174 1152
174 1916
175 178
175 179
175 1762
175 1847
176 177
176 178
176 179
176 180
176 259
176 532
176 765
176 1540
176 1676
177 178
177 181
177 1270
177 1519
177 1758
178 179
178 182
178 201
178 1146
178 1156
178 1413
179 180
179 181
179 367
179 826
179 1310
179 1321
179 1527
180 184
180 1350
180 1451
180 1459
181 183
181 184
181 185
181 453
181 980
181 1409
182 183
182 185
182 767
182 941
182 1113
182 1260
182 1946
183 187
183 583
183 1407
183 1502
184 185
184 186
184 518
184 681
184 1152
184 1187
184 1330
184 1694
185 186
185 187
185 189
185 806
185 869
185 1520
186 189
186 190
186 889
187 188
187 554
187 718
187 784
187 830
187 1029
187 1597
187 1950
188 699
188 908
188 1013
188 1620
189 193
189 667
189 898
189 941
189 1128
189 1177
189 1534
189 1585
190 191
190 192
190 193
190 684
190 747
190 1764
190 1925
191 192
191 193
191 195
191 929
191 1618
192 193
192 194
192 195
192 196
192 1035
192 1078
192 1788
193 194
193 196
193 1439
193 1723
194 195
194 196
194 281
194 1335
194 1763
195 198
195 1002
196 198
196 239
196 1060
197 198
197 199
197 201
197 512
197 531
197 755
197 824
197 903
198 298
198 707
198 1087
198 1435
198 1609
198 1894
198 1987
199 200
199 203
199 233
199 793
199 1380
200 201
200 202
200 204
200 792
200 1670
200 1743
200 1946
201 202
201 203
201 246
201 251
201 270
201 340
201 794
201 1312
202 203
202 206
202 425
202 528
202 551
202 855
202 945
202 951
202 1028
202 1906
203 205
203 506
203 695
203 905
204 205
204 206
204 208
204 538
204 901
205 206
205 447
205 634
205 1064
205 1933
206 207
206 208
206 210
207 210
207 488
207 589
207 767
207 963
207 1940
208 1329
208 1751
209 210
209 211
209 212
209 1085
209 1200
209 1332
209 1552
209 1604
209 1676
209 1937
210 211
210 212
210 213
210 214
210 216
210 636
210 1047
211 212
211 215
211 219
211 231
211 793
211 1649
211 1879
212 213
212 298
212 671
212 1344
212 1384
212 1694
213 216
213 336
213 693
213 1753
214 217
214 315
214 629
214 943
215 216
215 219
215 294
215 401
215 410
215 781
215 966
215 1183
215 1538
216 220
216 584
216 1048
216 1329
216 1447
216 1546
216 1983
217 218
217 219
217 221
217 913
217 941
217 956
217 1670
217 1793
218 219
218 220
218 221
218 222
218 549
218 628
218 760
218 1987
219 223
219 902
219 1220
219 1389
219 1457
219 1956
220 222
220 223
220 298
220 982
220 1647
221 222
221 224
221 225
221 1175
221 1666
221 1831
221 1855
222 223
222 225
222 226
222 582
222 838
222 1660
223 224
223 226
223 227
224 225
224 228
224 1090
224 1303
224 1742
225 226
225 229
225 410
225 946
225 1138
225 1341
225 1540
225 1872
226 227
226 228
226 230
226 786
227 228
227 230
227 231
227 658
227 1688
228 229
228 231
228 232
228 1628
229 231
229 534
229 1065
229 1289
229 1581
230 232
230 234
230 238
230 260
230 775
230 1037
230 1071
230 1624
231 233
231 446
231 1642
231 1810
231 1992
232 628
232 800
232 1039
232 1686
233 234
233 236
233 237
233 1112
233 1601
233 1647
233 1909
234 237
234 238
234 260
234 611
234 1088
234 1424
234 1541
235 237
235 1112
235 1339
235 1814
235 1860
235 1989
236 239
236 850
236 1105
236 1904
237 239
237 240
237 445
237 1547
237 1645
238 239
238 241
238 242
238 725
238 1379
238 1671
239 241
239 252
239 460
239 678
239 1007
240 244
240 622
240 1138
240 1140
241 242
241 245
241 1040
242 243
242 245
242 377
243 246
243 983
243 1262
243 1677
243 1839
244 248
244 1481
244 1578
244 1737
244 1898
245 246
245 805
245 1291
246 250
246 524
246 1281
246 1438
246 1556
246 1736
246 1797
246 1819
246 1972
247 249
247 251
247 1123
247 1179
247 1359
247 1897
248 249
248 251
248 252
248 1029
248 1312
248 1947
249 253
249 400
249 1382
249 1481
249 1594
249 1661
249 1808
249 1832
250 251
250 252
250 254
250 322
250 805
251 527
252 253
252 256
252 546
252 590
252 715
252 1532
253 254
253 255
253 257
253 305
253 320
253 1107
253 1929
253 1970
254 255
254 256
254 258
254 1221
254 1553
254 1960
255 257
255 1082
255 1143
255 1249
255 1488
256 257
256 376
256 430
256 1179
256 1498
256 1598
256 1833
256 1885
257 258
257 259
257 260
257 976
258 260
258 261
258 517
259 261
259 262
259 1087
260 261
260 263
260 1187
260 1268
260 1270
260 1558
260 1655
261 1168
261 1631
261 1692
262 263
262 264
262 265
262 266
262 693
262 865
262 1753
263 265
263 266
263 584
263 926
263 1539
263 1720
263 1756
264 265
264 267
264 268
265 266
265 267
265 276
265 692
265 1920
266 269
266 650
266 724
266 1124
266 1429
266 1467
266 1679
267 269
267 270
267 466
267 510
268 270
268 271
268 316
268 1466
269 271
269 272
269 273
269 664
269 1099
270 716
270 1613
270 1781
271 274
271 275
271 812
271 1798
272 273
272 379
272 389
272 1673
273 275
273 276
273 277
273 796
273 1291
273 1386
273 1403
273 1507
273 1669
273 1820
273 1943
274 276
274 278
274 628
275 276
275 277
275 278
275 861
275 1005
276 280
276 562
276 1535
276 1894
276 1975
276 1982
277 278
277 280
277 1138
277 1733
278 280
278 766
278 1904
279 280
279 282
279 682
279 984
280 281
280 283
280 284
280 1405
280 1506
280 1589
280 1619
280 1823
281 282
281 283
281 285
281 1814
282 286
282 1537
283 285
283 286
283 532
283 1075
283 1193
283 1409
283 1415
283 1864
284 286
284 287
284 288
284 750
284 895
284 1196
284 1724
284 1878
285 287
285 818
285 872
286 287
286 290
286 556
286 937
287 291
287 418
287 538
287 674
287 1136
287 1180
287 1445
287 1690
288 289
288 291
288 292
288 650
288 857
288 967
288 1237
288 1350
288 1527
288 1620
288 1945
289 290
289 1896
289 1983
290 401
291 294
291 295
291 543
291 1262
291 1384
291 1795
292 294
292 296
292 787
292 1038
292 1406
292 1792
292 1906
293 393
293 534
293 1953
294 296
294 320
294 555
294 715
294 785
294 885
294 1058
295 296
295 389
295 561
295 907
295 1724
296 297
296 299
296 1145
296 1268
297 298
297 301
297 557
297 766
297 1042
297 1218
297 1315
298 300
298 464
298 620
298 628
299 300
299 301
299 302
299 451
299 508
299 883
300 301
300 303
300 304
300 517
300 1437
301 302
301 303
301 305
301 479
302 303
302 304
302 305
302 306
302 311
302 1107
303 305
303 788
303 1855
304 305
304 307
304 465
304 570
304 660
304 854
304 979
304 981
304 1866
305 308
305 1921
306 308
306 309
306 369
306 893
306 908
306 1284
306 1384
306 1787
306 1944
307 310
307 311
307 421
307 574
307 1814
308 309
308 711
308 1398
309 311
309 1664
309 1673
310 389
310 749
311 312
311 314
311 315
311 760
311 1115
311 1173
312 314
312 468
312 545
312 1363
312 1370
312 1494
313 314
313 315
313 728
313 1061
313 1646
313 1680
314 316
314 613
314 822
314 827
314 1425
314 1701
314 1849
315 316
315 318
315 319
315 700
315 1404
315 1528
315 1873
316 318
316 319
316 563
316 1222
316 1668
317 319
317 320
317 321
317 546
317 744
318 321
318 354
318 840
318 1211
318 1497
318 1600
319 321
319 323
319 831
319 1156
319 1326
319 1494
319 1597
320 324
320 841
320 873
320 1054
320 1122
320 1307
320 1681
321 322
321 323
321 324
321 325
321 829
321 1291
321 1336
321 1490
322 325
322 326
322 632
322 1252
323 324
323 325
323 327
323 817
323 853
323 1206
323 1411
323 1548
324 325
324 326
324 327
324 328
324 756
324 924
324 990
324 1454
325 326
325 327
325 328
325 1623
325 1916
326 329
326 330
326 1140
327 328
327 329
327 330
327 425
327 496
327 1210
327 1398
327 1499
327 1669
328 329
328 330
328 332
328 1456
329 330
329 331
329 1311
329 1867
330 331
330 332
330 333
330 520
330 565
330 615
330 1204
330 1421
330 1525
330 1673
330 1757
331 332
331 333
331 334
331 335
331 475
331 1591
331 1625
331 1630
331 1952
332 333
332 334
332 335
332 336
332 677
333 335
333 336
333 411
333 702
333 1103
334 335
334 523
334 582
334 742
334 760
334 826
334 855
334 1370
334 1843
334 1892
334 1926
335 336
335 337
335 338
335 1089
336 907
337 339
337 340
337 341
337 611
337 1307
337 1910
338 340
338 342
338 375
338 700
338 1344
338 1955
339 341
339 343
339 1313
339 1540
339 1559
339 1615
339 1689
339 1963
340 341
340 343
340 344
340 1055
340 1612
341 343
341 345
341 718
341 1812
342 343
342 344
342 387
342 846
342 1334
342 1342
342 1488
342 1819
343 344
343 345
343 491
343 1174
344 345
344 346
344 347
344 401
344 996
344 1010
344 1270
344 1324
344 1878
344 1887
345 348
345 851
345 1001
345 1688
346 348
346 359
346 737
346 823
346 982
346 1195
347 349
347 429
347 1043
347 1860
347 1932
348 349
348 350
348 351
348 463
348 754
348 1222
349 350
349 352
349 353
349 1169
349 1736
349 1823
350 351
350 352
350 591
350 801
350 1082
351 353
351 1020
351 1400
351 1689
352 353
352 354
352 356
352 841
352 940
352 1000
352 1764
353 355
353 356
353 357
353 940
353 1387
353 1691
354 404
354 859
354 980
354 1072
354 1350
355 436
355 666
355 1618
355 1626
355 1663
356 357
356 640
356 816
356 1486
356 1861
356 1951
357 359
357 1039
357 1413
357 1479
357 1597
357 1825
358 359
358 361
358 1587
359 363
359 485
359 747
359 1234
359 1409
360 361
360 363
360 364
360 1726
360 1733
361 364
361 1272
361 1282
361 1818
362 365
362 366
362 1025
362 1040
362 1133
362 1614
363 364
363 366
363 367
363 1143
363 1200
363 1358
364 367
364 1516
365 366
365 368
366 368
366 370
366 642
366 1311
366 1752
367 369
367 621
367 631
367 742
367 848
367 1051
367 1301
367 1521
367 1640
367 1703
367 1868
368 370
368 371
368 372
368 1586
368 1642
369 370
369 371
369 372
369 1465
370 374
370 904
370 945
370 1547
371 374
371 977
371 1783
371 1884
371 1903
371 1969
372 737
372 1729
372 1879
373 375
373 376
373 377
373 451
373 1936
374 507
374 795
374 882
374 1217
374 1688
375 379
375 407
375 1320
375 1940
375 1946
376 377
376 379
376 881
376 1343
376 1697
377 380
377 381
377 846
377 1626
377 1831
378 381
378 600
378 722
378 1458
379 595
379 601
379 1240
379 1754
380 381
380 382
380 384
380 943
380 1101
380 1394
380 1579
380 1611
381 384
381 460
381 567
381 688
381 1179
381 1296
381 1903
382 383
382 384
382 385
382 606
383 386
383 1713
383 1831
383 1865
383 1987
384 1596
385 386
385 387
385 888
385 958
385 1247
385 1648
385 1897
386 387
386 389
386 577
386 1361
386 1788
386 1900
387 388
387 390
387 391
387 490
387 533
387 992
388 391
388 392
388 813
388 1198
389 393
389 549
389 697
389 713
389 910
389 1146
389 1206
389 1602
389 1996
390 392
390 393
390 1149
390 1467
390 1505
391 392
391 394
391 395
391 1314
391 1786
392 393
392 395
392 764
393 394
393 395
393 396
393 397
393 1511
393 1660
393 1990
394 395
394 397
394 398
394 533
394 736
394 1194
394 1476
394 1651
395 396
395 397
395 399
395 967
395 989
395 1018
395 1080
395 1118
395 1309
395 1756
396 397
396 398
396 399
396 400
396 1250
396 1453
396 1472
397 527
397 1584
398 399
398 827
398 1234
398 1301
398 1452
398 1610
398 1721
399 400
399 402
399 403
399 609
399 1867
400 401
400 402
400 460
400 1745
400 1941
401 402
401 403
401 502
401 1650
402 405
402 406
402 419
402 980
402 1252
402 1598
403 404
403 405
403 406
403 826
403 1022
403 1229
403 1785
404 875
404 1341
404 1684
405 406
405 407
405 409
405 795
406 408
406 409
406 410
406 421
406 1055
406 1139
406 1364
407 408
407 409
407 411
407 787
407 1190
407 1837
408 411
408 412
408 833
408 947
408 1048
408 1655
409 410
409 411
409 1129
409 1272
409 1472
409 1972
410 412
410 1129
410 1828
411 412
411 414
411 415
411 1206
411 1777
412 414
412 416
412 747
413 415
413 416
413 417
413 711
413 1226
414 415
414 417
414 471
414 1292
414 1994
415 416
415 418
415 419
415 852
415 1581
415 1934
416 417
416 418
416 419
416 1381
416 1735
417 419
417 420
417 941
417 1146
418 422
418 534
418 566
418 1133
418 1219
418 1477
419 420
419 421
419 901
419 970
420 514
420 1190
420 1703
421 424
421 425
421 685
421 980
421 1072
421 1242
421 1619
422 423
422 425
422 510
422 667
422 1427
422 1543
422 1718
423 424
423 425
423 1108
423 1218
423 1548
423 1624
423 1962
424 426
424 521
424 642
424 700
424 726
424 842
424 1241
424 1406
424 1829
425 937
426 427
426 428
426 429
426 430
426 550
427 430
427 485
427 598
427 659
427 1501
427 1600
428 430
428 431
428 641
428 1150
428 1190
428 1267
428 1284
428 1889
428 1976
429 430
429 702
429 1670
429 1900
429 1951
430 433
430 434
430 1096
430 1665
431 434
431 435
431 862
432 434
432 848
432 1049
432 1562
433 435
433 436
433 437
433 1756
434 435
434 436
434 1130
434 1468
435 436
435 439
435 877
436 437
436 438
436 439
436 574
436 709
437 439
437 1304
437 1564
437 1571
437 1614
437 1639
437 1774
438 440
438 441
438 1000
438 1621
438 1689
438 1876
439 440
439 442
439 443
439 1199
439 1282
439 1766
439 1971
440 441
440 443
441 444
441 1579
441 1737
442 443
442 445
442 446
442 561
442 711
442 1218
442 1293
442 1401
442 1957
443 444
443 445
443 446
443 447
443 1017
444 446
444 447
444 448
444 1066
444 1610
444 1961
445 446
445 447
445 448
445 449
446 450
446 733
446 980
446 994
446 1298
447 448
447 450
447 716
447 858
447 1081
447 1148
447 1213
448 449
448 450
448 452
448 623
448 873
448 1294
448 1742
449 451
449 453
449 479
449 935
449 1024
449 1378
449 1739
449 1808
450 451
450 452
450 454
450 602
450 868
450 1248
450 1324
450 1526
450 1597
451 453
451 454
451 455
451 1081
451 1677
451 1860
452 456
452 524
452 1914
452 1972
453 454
453 455
453 457
453 772
453 1162
453 1489
453 1995
454 456
454 458
454 614
454 1463
454 1597
455 457
455 458
455 782
455 1763
456 457
456 459
456 460
456 480
456 497
456 1127
457 458
457 459
457 461
457 898
458 462
458 555
458 565
458 1899
459 565
459 648
459 667
459 1128
459 1837
459 1957
460 461
460 462
460 464
460 736
460 803
460 1233
461 464
461 483
461 743
461 1414
461 1472
461 1772
462 463
462 464
462 465
462 466
462 1135
462 1152
462 1302
462 1374
462 1518
462 1549
462 1581
463 466
463 1167
463 1323
463 1661
463 1998
464 465
464 499
464 1135
464 1199
464 1901
464 1917
465 467
465 468
465 1116
465 1249
466 469
466 697
467 468
467 469
467 470
467 471
467 1087
467 1216
467 1551
467 1931
468 469
468 470
468 486
468 541
468 657
468 899
468 923
468 1389
468 1455
469 470
469 471
469 473
469 1171
469 1558
470 471
470 473
470 474
470 938
470 1035
470 1189
470 1389
471 474
471 524
471 871
471 1428
471 1981
472 473
472 747
473 474
473 475
473 476
473 1190
473 1596
474 477
474 478
474 875
474 1220
474 1366
474 1802
474 1998
475 477
475 479
475 542
475 810
475 1052
475 1532
475 1662
476 478
476 479
476 748
476 801
476 814
476 1391
476 1731
477 478
477 480
477 1431
478 480
478 481
478 482
478 1003
479 480
479 602
479 640
479 752
479 766
479 1347
479 1633
480 481
480 482
480 484
480 661
481 484
481 760
481 1235
481 1430
482 484
482 758
482 1213
482 1360
482 1636
483 486
483 487
483 1142
483 1659
483 1893
484 485
484 486
484 487
484 488
484 619
484 1523
485 487
485 488
485 489
485 770
485 1152
485 1181
486 487
486 488
486 1554
487 489
487 491
487 540
487 717
487 1150
487 1223
487 1766
487 1806
488 489
488 491
488 864
488 1259
488 1382
488 1999
489 490
489 491
489 492
489 493
489 1878
490 491
490 492
490 493
490 1455
491 493
491 494
491 1434
491 1776
491 1860
492 494
492 1276
493 495
493 496
493 905
493 1185
493 1221
493 1727
494 495
494 497
494 498
494 1162
494 1239
495 496
495 497
495 498
495 499
495 870
495 921
495 1626
495 1703
496 497
496 654
496 1330
496 1761
497 501
497 992
497 1690
498 499
498 501
498 783
498 1708
498 1722
499 501
499 551
499 1039
499 1445
500 502
500 503
500 504
500 1438
500 1682
501 503
501 505
501 690
501 1204
501 1367
501 1529
501 1905
502 504
502 505
502 506
502 990
503 504
503 505
503 1105
503 1674
503 1722
503 1871
504 1340
504 1651
505 509
505 648
506 507
506 508
506 535
506 558
506 776
506 1079
506 1355
506 1588
506 1763
506 1890
507 508
507 509
507 510
507 511
507 933
507 1234
507 1381
508 512
508 1748
508 1998
509 511
509 512
509 1321
509 1406
509 1710
509 1873
509 1939
510 511
510 513
510 1137
510 1993
511 512
511 513
511 514
511 987
511 1572
511 1935
512 513
512 514
512 516
512 1420
512 1781
513 516
513 559
513 817
513 1535
513 1676
514 518
514 651
514 959
514 1250
514 1469
514 1847
515 517
515 518
515 519
515 812
515 1191
515 1559
515 1719
516 519
516 610
516 904
516 1599
516 1907
517 518
517 519
517 1459
518 521
518 522
518 1268
519 521
519 522
519 1116
519 1183
519 1284
519 1497
519 1649
519 1875
519 1993
520 522
520 612
520 1111
520 1476
520 1815
521 525
521 1236
522 524
522 525
522 660
522 1890
523 524
523 525
523 526
523 527
523 1272
523 1518
524 526
524 528
524 1047
524 1708
524 1959
525 526
525 527
525 529
525 1681
526 528
526 529
526 1822
526 1869
527 528
527 529
527 530
527 531
527 1215
528 529
528 532
528 584
528 603
528 734
528 1277
528 1863
529 532
529 1456
529 1750
529 1905
530 531
530 532
530 555
530 768
530 974
531 532
531 533
531 534
531 535
531 1671
531 1805
531 1847
531 1961
532 533
532 1104
532 1945
533 535
533 537
533 667
533 1111
533 1550
533 1889
534 536
534 538
534 641
534 787
534 809
534 995
535 537
535 538
535 539
535 769
535 959
535 1605
536 540
536 1423
536 1453
536 1597
536 1857
537 539
537 709
537 791
537 1585
538 539
538 1319
538 1774
538 1945
539 542
539 543
539 594
539 1210
539 1471
539 1514
539 1539
540 541
540 803
541 542
541 543
541 992
541 1047
541 1668
542 696
542 1049
542 1603
542 1900
542 1951
543 544
543 546
543 715
543 1054
543 1378
543 1747
544 545
544 652
544 955
544 990
544 1303
544 1492
544 1991
545 546
545 605
545 940
545 1819
545 1864
546 547
546 549
546 675
546 1028
546 1035
546 1369
546 1539
547 548
547 549
547 551
547 632
547 678
547 1391
547 1670
547 1841
548 1279
548 1332
548 1750
548 1946
549 551
549 552
549 1293
550 552
550 553
550 745
550 845
550 1338
551 552
551 553
551 554
551 555
551 893
551 1260
551 1299
551 1399
552 553
552 554
552 556
552 1028
552 1349
553 554
553 555
553 556
553 718
553 1015
553 1115
553 1711
553 1828
554 556
554 557
554 558
554 1107
554 1273
554 1480
554 1776
555 558
555 829
556 557
556 1044
556 1614
557 558
557 561
557 748
557 854
557 1135
557 1364
557 1800
558 559
558 560
558 1078
559 560
559 562
559 803
559 1661
559 1806
560 561
560 562
560 759
560 854
560 944
560 1339
561 562
561 563
561 1647
561 1750
562 565
562 620
563 566
563 634
563 1426
563 1941
564 566
564 899
564 1168
564 1393
564 1860
565 566
565 568
565 1000
565 1112
565 1415
565 1472
565 1918
566 569
566 570
566 1635
567 568
567 569
567 570
567 571
567 1751
568 569
568 570
568 571
568 572
568 627
568 1049
568 1494
569 570
569 571
569 573
570 574
570 948
570 1790
571 573
571 1509
571 1557
572 573
572 574
572 750
572 1368
572 1685
572 1752
573 575
573 576
573 787
573 850
573 996
573 1983
574 577
574 1095
574 1448
574 1895
574 1932
575 576
575 577
575 855
575 1374
575 1392
576 578
576 579
576 580
576 773
576 1182
576 1468
577 578
577 579
577 580
577 581
578 581
578 773
578 967
578 1104
579 581
579 582
579 583
579 761
579 1327
579 1848
580 581
580 582
580 1360
580 1569
580 1622
581 584
581 585
581 1193
581 1271
581 1436
581 1887
582 1836
583 586
583 743
583 910
583 1138
583 1205
583 1926
584 587
584 669
584 838
584 1003
584 1657
585 586
585 588
585 589
585 1472
586 587
586 588
586 1873
587 588
587 618
587 1215
587 1379
587 1531
587 1844
588 589
588 590
588 591
588 592
589 590
589 768
589 1101
589 1174
589 1180
589 1674
590 591
590 592
590 593
590 594
590 826
590 1354
591 593
591 594
591 1152
591 1392
591 1513
591 1535
591 1795
592 593
592 595
592 596
592 824
593 594
593 596
593 597
593 1269
593 1352
593 1392
593 1631
593 1817
594 595
594 596
594 597
594 598
594 1346
594 1681
595 597
595 598
595 802
595 1019
595 1071
595 1495
595 1566
596 599
596 839
596 1671
597 598
597 599
597 600
597 691
597 740
598 1071
598 1301
599 600
599 603
599 703
599 1086
600 1024
600 1595
601 602
601 603
601 604
601 605
601 608
601 932
601 1095
602 604
602 605
602 860
602 916
603 605
603 606
603 895
603 1767
604 605
604 606
604 929
604 1183
604 1236
604 1983
605 608
605 609
605 961
605 1521
606 607
606 608
606 610
606 1924
606 1934
607 610
607 611
607 656
607 901
607 1607
607 1925
608 610
608 611
608 990
608 1195
608 1466
608 1565
608 1752
608 1952
609 610
609 612
609 925
609 1733
609 1970
610 613
610 1007
611 612
611 615
611 700
611 829
611 1242
612 615
612 616
612 1584
613 617
613 797
614 616
614 815
614 1064
614 1699
615 616
615 618
615 619
615 1312
616 617
616 618
616 620
616 722
616 783
616 1534
616 1549
616 1666
616 1692
616 1904
616 1999
617 619
617 621
617 760
617 812
617 919
618 619
618 621
618 1133
618 1317
619 620
619 621
619 622
619 623
619 1954
620 622
621 623
621 985
621 1028
622 623
622 625
622 626
622 657
622 867
622 1092
622 1334
622 1939
623 624
623 625
623 626
623 1367
624 627
624 1109
624 1547
624 1720
624 1999
625 629
626 627
626 628
626 700
626 795
626 1199
626 1315
626 1458
626 1842
627 630
627 1440
628 629
628 630
628 632
628 636
628 878
628 1739
629 630
629 633
629 947
629 1041
629 1137
629 1915
630 631
630 633
630 634
630 840
630 1018
631 633
631 635
631 1376
631 1568
632 635
632 778
632 1870
633 635
633 636
633 831
633 1688
633 1938
634 636
634 637
634 1224
634 1273
634 1576
634 1606
634 1633
634 1965
635 637
635 638
635 940
635 1149
635 1278
636 637
636 1342
636 1590
636 1718
637 639
637 1132
637 1545
637 1817
638 640
638 642
638 878
638 931
638 1709
639 643
639 1180
639 1244
639 1510
639 1601
639 1914
640 641
640 642
640 644
640 734
640 975
640 1228
640 1829
641 643
641 980
641 1609
642 644
642 646
642 856
642 987
642 1046
642 1770
642 1849
643 644
643 645
643 646
643 647
643 1256
643 1448
643 1890
644 747
644 1375
645 646
645 649
645 1167
645 1356
645 1550
645 1612
645 1627
646 647
646 649
646 650
647 650
647 651
647 1334
647 1509
647 1762
648 649
648 653
649 650
649 651
649 652
649 653
650 651
650 652
650 654
650 1160
650 1496
650 1702
651 654
651 1459
652 653
652 654
653 654
653 655
653 1016
653 1071
653 1420
654 658
654 836
654 1475
655 656
655 657
655 658
655 659
655 803
655 1085
656 659
656 660
656 813
657 658
657 934
657 1095
657 1453
657 1978
658 659
658 661
658 1525
658 1563
658 1722
658 1995
659 661
659 662
659 663
659 809
660 661
660 893
660 1274
660 1527
661 664
661 811
661 1030
661 1040
661 1451
661 1462
661 1937
662 665
662 666
662 684
662 1409
662 1550
663 665
663 666
663 928
663 1546
664 666
664 668
664 1995
665 666
665 668
665 763
665 1049
665 1204
666 670
666 781
666 1157
666 1333
666 1694
666 1877
667 670
667 671
667 686
667 1120
667 1870
668 669
668 670
669 670
669 671
669 673
669 770
669 1475
670 672
670 673
670 1016
670 1347
671 673
671 674
671 675
671 804
671 1824
671 1889
672 676
672 727
672 1297
672 1650
672 1736
673 676
673 677
673 1225
673 1713
673 1730
674 675
674 968
674 980
674 1410
674 1424
675 676
675 679
675 779
675 1586
675 1680
675 1956
676 677
676 913
676 1118
677 678
677 680
677 704
677 901
677 1220
677 1950
678 681
678 682
678 1808
679 680
679 681
679 1926
679 1994
680 681
680 683
680 684
681 682
681 1344
682 684
682 685
682 784
683 966
683 1177
683 1400
683 1491
683 1910
684 685
684 1051
684 1147
684 1475
684 1509
684 1795
685 688
685 689
685 1818
686 690
686 1182
686 1760
687 690
687 1487
687 1662
688 690
688 691
688 908
688 1307
688 1600
689 690
689 691
689 692
689 693
689 1295
690 692
691 692
691 694
691 695
691 740
691 749
691 1134
691 1894
692 693
692 695
692 1169
692 1696
693 694
693 695
693 697
693 840
693 963
693 1784
694 695
694 696
694 697
694 698
694 1157
695 697
695 698
695 699
695 719
695 1170
695 1516
695 1520
696 697
696 699
696 700
696 1891
697 698
697 699
697 701
697 972
697 1146
697 1844
698 702
698 758
698 1613
698 1874
699 701
699 703
699 908
699 1201
699 1665
700 703
700 704
700 1670
700 1775
700 1907
701 702
701 705
701 1816
702 1201
702 1894
703 704
703 705
703 1892
703 1901
704 706
704 708
704 1089
704 1836
705 707
705 708
705 835
705 1563
706 708
706 709
706 772
706 850
706 1085
707 708
707 709
707 710
707 711
707 790
707 895
707 1360
707 1588
707 1626
707 1729
708 710
708 711
708 712
708 728
709 710
709 712
709 713
709 901
709 1994
710 1528
710 1703
711 714
711 715
711 792
711 1887
712 713
712 715
712 716
712 792
712 892
712 1906
713 716
713 717
713 1026
713 1262
714 715
714 717
714 718
714 1251
714 1265
715 717
715 1328
716 719
716 1448
717 719
717 720
717 721
718 720
718 721
718 1980
719 721
719 722
719 794
719 1282
719 1358
720 721
720 722
720 1690
721 722
721 723
721 1271
722 724
722 726
722 1480
722 1662
722 1802
723 724
723 725
723 727
723 1487
723 1674
723 1728
724 725
724 726
724 1618
724 1870
724 1952
725 729
725 771
725 1081
725 1641
726 727
726 729
726 1294
726 1429
726 1802
727 730
727 1157
728 730
728 1198
728 1265
728 1336
728 1377
728 1481
728 1534
729 731
729 901
729 1490
729 1742
730 731
730 732
730 733
730 734
730 761
730 1786
731 732
731 733
731 734
731 735
731 1093
731 1323
731 1382
731 1823
732 734
732 735
732 736
732 829
732 1267
732 1416
732 1980
733 734
733 736
733 737
733 848
734 735
734 1191
734 1502
735 736
735 737
735 739
735 752
735 788
735 1082
735 1142
736 739
736 1131
736 1392
737 738
737 739
737 740
737 741
737 1210
737 1435
738 740
738 741
738 742
738 822
738 839
738 1235
738 1297
738 1311
738 1615
738 1673
739 740
739 741
739 742
739 1136
739 1637
739 1712
740 744
740 1431
740 1896
741 743
741 745
741 1158
741 1967
742 745
742 800
742 1445
742 1975
743 746
743 747
743 1862
744 745
744 746
744 747
744 748
744 879
744 1451
744 1819
745 746
745 748
745 749
745 988
745 1443
746 747
746 748
746 974
746 1761
747 1844
748 750
749 751
749 841
749 1545
750 752
750 1382
751 752
751 1346
751 1692
752 753
752 754
752 755
752 1045
753 755
753 756
753 1340
753 1356
753 1385
753 1511
754 755
754 756
754 905
754 1069
754 1426
755 759
755 1243
755 1535
755 1561
755 1602
755 1719
755 1897
756 759
756 981
756 1875
756 1961
757 758
757 951
757 1258
757 1409
757 1534
757 1630
757 1776
757 1969
758 760
758 762
758 1446
759 761
759 763
760 761
760 762
760 764
760 1113
760 1603
761 762
761 763
761 764
761 765
761 1180
761 1249
762 763
762 764
762 1900
763 767
763 809
763 1101
763 1865
763 1892
763 1958
764 766
764 1653
765 766
765 767
765 768
765 769
765 1798
766 769
766 770
766 1104
766 1902
767 771
767 1871
767 1911
767 1952
768 770
768 771
768 772
768 820
768 982
768 1128
768 1531
768 1608
769 770
769 772
769 773
769 949
770 773
770 774
770 1939
771 772
771 773
771 1466
771 1900
772 773
772 774
772 776
772 1080
773 777
773 910
774 775
774 778
774 1734
775 777
775 860
775 1014
775 1915
775 1948
776 777
776 779
776 1988
777 779
777 781
777 917
777 991
777 1206
777 1404
777 1719
777 1924
778 779
778 781
778 877
778 1277
778 1647
778 1650
778 1716
778 1848
779 780
779 782
779 783
779 907
779 1674
780 781
780 1220
780 1366
780 1370
780 1493
780 1720
781 783
781 785
782 786
783 784
783 785
783 786
783 992
784 785
784 786
784 788
784 842
784 1659
785 788
785 789
785 1227
785 1727
785 1861
786 787
786 1363
786 1369
786 1682
786 1964
787 789
788 791
788 792
789 790
789 791
789 1042
789 1122
789 1691
790 793
790 1397
790 1430
790 1927
791 793
791 794
791 1157
791 1427
791 1497
792 793
792 859
792 1282
793 1828
793 1936
794 833
794 1201
795 797
795 1021
795 1387
796 797
796 798
796 800
796 1671
796 1705
796 1777
797 798
797 799
797 1460
798 869
798 1458
798 1734
798 1790
799 802
799 956
799 1489
799 1633
800 803
800 804
800 914
800 928
800 1295
800 1726
801 1012
801 1334
801 1484
801 1904
802 806
802 992
802 1802
803 806
803 1333
803 1410
804 805
804 806
804 807
804 858
804 1016
804 1090
804 1234
804 1772
805 807
805 808
805 809
805 893
805 1611
806 807
806 815
807 808
807 809
807 810
808 811
808 812
808 1109
808 1195
808 1317
809 810
809 811
809 813
809 1121
809 1672
809 1992
810 811
810 812
810 814
810 1248
810 1738
811 812
811 813
811 815
811 1526
811 1724
812 820
812 897
812 1351
813 815
813 1460
813 1897
814 815
814 817
814 893
814 1438
814 1536
814 1897
815 816
815 817
815 1014
815 1267
815 1570
816 818
816 820
816 1070
817 821
817 894
817 970
817 1070
817 1447
817 1496
818 819
818 820
818 821
818 822
818 959
818 1949
819 820
819 821
819 822
819 823
819 856
820 823
820 824
821 825
821 1110
821 1128
821 1629
821 1740
821 1912
822 823
822 825
822 1829
822 1860
823 824
823 832
823 1337
823 1538
823 1811
824 827
824 837
824 850
824 1058
824 1398
824 1687
824 1915
825 826
825 922
825 979
825 1154
825 1508
825 1665
826 1629
827 828
827 830
827 831
827 1191
827 1547
827 1869
828 829
828 830
828 1169
828 1465
829 830
829 832
829 833
829 1854
830 831
830 832
830 834
830 1533
830 1794
831 832
831 835
832 833
832 834
832 836
832 1073
832 1236
833 837
833 1051
833 1326
833 1344
834 835
834 837
834 838
834 854
834 1062
834 1902
835 836
835 838
835 1219
835 1998
836 840
836 1470
837 1027
837 1176
837 1394
838 840
838 841
839 841
839 842
839 1253
839 1711
839 1763
840 841
840 977
840 1133
840 1164
840 1499
841 844
841 1216
841 1232
842 1315
842 1345
842 1358
842 1816
842 1897
843 844
843 845
843 846
843 1177
843 1783
843 1984
844 845
844 847
844 891
844 907
845 848
845 1296
845 1715
846 849
846 1239
846 1314
846 1516
847 850
847 1319
847 1527
847 1914
847 1994
848 849
848 851
848 852
848 1435
848 1627
849 851
849 852
849 1298
849 1564
850 851
850 1449
850 1574
850 1961
851 852
851 853
851 1410
852 855
852 997
852 1212
852 1233
852 1369
852 1953
853 856
853 1077
853 1642
854 855
854 857
854 858
854 935
854 962
854 1795
855 856
855 857
855 858
855 859
855 914
855 954
855 1535
856 857
856 858
856 859
856 860
856 1782
857 860
857 861
857 1341
857 1711
858 859
858 860
858 1407
859 860
859 863
859 1436
860 864
860 1208
860 1975
861 862
861 863
861 865
861 1549
862 863
862 865
862 1326
863 864
863 1293
863 1551
863 1782
863 1946
864 1011
864 1144
864 1465
864 1955
865 868
865 1350
865 1477
865 1780
865 1984
866 868
866 869
866 870
866 1135
866 1210
867 871
867 931
867 1096
867 1702
867 1986
868 869
868 872
868 1003
868 1848
868 1964
869 880
869 998
869 1471
869 1776
870 872
870 873
870 874
870 1209
870 1442
871 872
871 873
871 874
872 875
872 876
872 1427
872 1959
872 1960
873 874
873 875
873 876
873 1768
874 875
874 1777
875 876
875 877
875 878
875 1404
875 1458
875 1692
876 1162
876 1250
876 1604
876 1729
876 1751
876 1951
877 879
877 880
877 881
877 1155
877 1384
877 1739
878 879
878 882
878 987
878 1493
878 1573
878 1753
879 880
879 881
879 882
879 1112
880 881
880 882
880 883
880 933
880 981
881 883
881 884
882 883
882 886
882 1997
883 884
883 885
883 887
883 1069
883 1442
883 1696
883 1860
884 885
884 886
884 888
884 1009
884 1711
885 888
885 889
885 923
885 1186
885 1447
885 1683
886 889
886 890
886 1019
886 1599
886 1716
886 1736
887 888
887 889
887 890
887 891
887 1104
887 1193
887 1368
887 1384
887 1742
887 1911
887 1993
888 889
888 890
888 891
888 995
889 891
889 892
889 893
889 1741
889 1950
890 891
890 892
890 893
890 1207
890 1670
890 1745
891 892
891 893
891 895
891 1777
892 896
892 1069
892 1246
892 1804
893 894
893 895
893 897
894 895
894 1434
894 1642
895 896
895 897
896 897
896 899
896 1208
896 1440
896 1863
897 900
897 1075
898 899
898 901
898 902
898 1039
898 1545
898 1561
898 1929
898 1936
899 901
899 903
899 1118
900 902
900 1117
900 1208
900 1219
900 1682
901 905
901 1371
901 1588
901 1744
902 904
902 905
902 1035
902 1270
902 1687
903 904
903 906
903 1241
903 1824
903 1929
904 906
904 1574
904 1625
904 1826
905 1198
905 1645
905 1766
906 907
906 908
906 1705
906 1739
907 909
907 910
907 959
907 1225
907 1845
907 1880
908 910
908 911
908 912
908 1268
908 1560
908 1949
909 910
909 911
909 913
909 1311
909 1512
909 1550
909 1615
909 1907
910 1086
910 1993
911 913
911 914
911 915
912 915
912 916
912 1588
913 915
913 916
913 917
914 1332
914 1410
915 917
915 918
915 1122
915 1343
915 1352
916 981
916 1026
916 1337
916 1640
916 1729
917 920
917 921
917 1458
917 1651
918 920
918 921
918 1850
918 1905
918 1954
919 920
919 922
920 922
920 923
920 1217
920 1451
920 1703
921 922
921 924
921 931
921 949
921 1894
922 923
922 924
922 926
922 1598
923 925
923 926
923 1605
923 1815
923 1870
924 925
924 926
924 927
924 928
924 1160
924 1771
924 1773
925 926
925 928
925 1427
926 929
926 930
926 1204
927 929
927 930
927 1527
927 1885
928 1213
928 1676
929 933
929 1862
929 1939
929 1967
930 931
930 932
930 933
930 934
930 1383
930 1416
931 932
931 933
931 934
931 945
932 934
932 1461
932 1569
933 934
933 1263
934 936
934 1003
934 1354
934 1721
935 936
935 939
935 1486
936 937
936 938
936 939
936 1449
936 1556
936 1709
937 939
937 940
937 941
937 1062
937 1266
937 1414
938 941
938 942
938 1185
938 1768
939 941
939 1321
939 1358
939 1721
941 944
941 1025
941 1442
941 1968
942 944
942 945
942 946
942 1072
943 944
943 947
943 1290
943 1980
944 946
944 947
944 1544
944 1826
945 946
945 949
945 1182
945 1673
945 1777
946 950
946 1083
946 1179
947 950
947 951
947 1017
947 1051
947 1580
947 1828
948 949
948 950
948 951
948 952
948 953
948 1008
948 1130
948 1164
948 1444
949 953
950 952
950 953
950 1978
951 953
951 954
951 955
952 953
952 954
952 955
952 970
953 954
953 956
953 1061
953 1557
954 957
954 958
954 1462
954 1840
954 1947
955 956
955 957
955 959
955 1598
956 957
956 1407
957 958
957 960
957 961
957 1196
957 1657
957 1999
958 959
958 961
958 1383
958 1646
959 1302
960 962
960 963
960 964
960 1531
961 964
961 965
961 1414
962 965
962 966
962 1891
963 964
963 965
963 967
963 1184
963 1297
964 966
964 967
964 968
964 992
965 966
965 967
965 1579
966 967
966 968
966 970
967 971
967 1130
967 1692
967 1701
968 970
968 972
968 1902
969 971
969 1033
969 1340
969 1516
969 1709
970 973
970 974
970 1634
971 973
971 974
971 1063
971 1704
972 973
972 974
972 976
972 1101
972 1490
973 975
973 976
973 977
973 1025
973 1105
973 1144
973 1505
973 1967
974 978
974 1465
975 976
975 977
975 1397
975 1469
975 1994
976 978
976 979
976 980
977 1074
977 1273
977 1702
978 981
978 982
978 1678
978 1824
979 982
979 983
979 1065
980 981
980 982
980 983
981 983
981 984
981 985
982 984
983 984
983 1394
984 986
984 988
985 1391
985 1576
985 1596
985 1629
986 987
986 988
986 989
986 990
986 1489
986 1891
986 1973
987 991
987 1160
987 1183
987 1367
987 1971
988 989
989 990
989 991
989 993
989 1274
990 991
990 993
990 994
991 992
991 995
991 1139
992 993
992 994
992 996
992 1012
992 1460
992 1707
992 1897
992 1913
993 994
993 995
993 1579
993 1667
993 1860
994 995
994 996
994 1236
994 1410
995 996
995 998
995 999
995 1298
996 997
996 999
996 1199
996 1499
996 1915
997 998
997 999
997 1632
998 999
998 1002
998 1207
998 1365
999 1001
999 1083
999 1211
1000 1001
1000 1004
1000 1680
1000 1751
1000 1985
1002 1006
1002 1204
1002 1271
1002 1517
1003 1004
1003 1323
1003 1602
1004 1005
1004 1006
1004 1008
1004 1438
1004 1615
1004 1644
1005 1007
1005 1008
1005 1009
1005 1027
1005 1049
1005 1222
1005 1478
1006 1007
1006 1009
1006 1274
1006 1724
1006 1870
1007 1008
1007 1010
1007 1911
1008 1009
1008 1010
1008 1011
1009 1012
1009 1021
1009 1540
1010 1013
1010 1431
1010 1499
1010 1518
1011 1012
1011 1014
1011 1161
1011 1213
1011 1266
1012 1014
1012 1070
1012 1169
1012 1195
1012 1721
1013 1014
1013 1016
1013 1017
1013 1340
1013 1352
1014 1016
1014 1128
1014 1400
1015 1017
1015 1018
1015 1019
1015 1845
1016 1018
1016 1020
1016 1489
1016 1511
1017 1367
1017 1838
1018 1019
1018 1020
1018 1258
1019 1022
1019 1276
1019 1717
1019 1964
1020 1021
1020 1022
1020 1877
1021 1022
1021 1023
1021 1024
1021 1025
1021 1101
1021 1434
1021 1786
1022 1023
1022 1024
1022 1796
1023 1024
1023 1027
1023 1653
1023 1657
1024 1026
1024 1320
1024 1732
1025 1028
1025 1029
1025 1760
1025 1967
1026 1028
1026 1029
1026 1103
1027 1028
1027 1029
1027 1203
1027 1506
1028 1030
1028 1032
1028 1752
1028 1961
1029 1032
1029 1033
1029 1061
1029 1350
1029 1482
1029 1494
1029 1933
1030 1033
1030 1092
1030 1190
1030 1295
1031 1032
1031 1033
1031 1034
1031 1035
1031 1302
1032 1034
1032 1036
1032 1290
1032 1726
1033 1035
1033 1037
1033 1699
1034 1035
1034 1036
1034 1232
1035 1036
1035 1037
1035 1038
1036 1040
1036 1159
1037 1038
1037 1041
1037 1517
1037 1809
1038 1039
1038 1159
1038 1268
1039 1040
1039 1041
1039 1045
1039 1193
1039 1366
1039 1542
1039 1770
1040 1041
1040 1042
1040 1044
1040 1214
1040 1549
1041 1042
1041 1043
1041 1044
1041 1531
1042 1044
1042 1862
1043 1044
1043 1253
1043 1336
1043 1793
1043 1828
1043 1842
1044 1045
1044 1189
1045 1046
1045 1047
1045 1049
1046 1140
1046 1148
1046 1419
1046 1829
1046 1920
1047 1049
1047 1456
1048 1050
1048 1497
1048 1723
1048 1892
1049 1051
1049 1053
1050 1052
1050 1053
1050 1054
1050 1477
1051 1053
1051 1277
1051 1483
1052 1053
1052 1055
1052 1056
1052 1632
1053 1055
1053 1056
1053 1057
1054 1055
1054 1058
1054 1583
1054 1994
1055 1059
1055 1597
1056 1057
1056 1058
1056 1059
1056 1060
1056 1494
1057 1060
1057 1204
1058 1059
1058 1060
1058 1276
1058 1290
1059 1522
1059 1565
1059 1634
1060 1062
1060 1064
1060 1259
1060 1454
1060 1528
1060 1870
1061 1062
1061 1065
1061 1222
1061 1591
1061 1957
1062 1064
1062 1065
1062 1101
1062 1502
1062 1572
1062 1817
1062 1827
1063 1064
1063 1065
1063 1066
1063 1310
1063 1775
1064 1065
1064 1066
1064 1067
1064 1563
1065 1068
1065 1184
1066 1070
1066 1087
1066 1154
1067 1068
1067 1070
1067 1091
1067 1331
1067 1799
1067 1959
1068 1069
1068 1072
1068 1516
1068 1711
1068 1908
1069 1071
1069 1073
1069 1459
1070 1071
1070 1074
1071 1073
1071 1074
1071 1147
1071 1801
1072 1073
1072 1075
1072 1181
1072 1271
1073 1076
1073 1077
1073 1765
1074 1075
1074 1076
1075 1076
1075 1077
1075 1078
1075 1577
1076 1077
1076 1078
1076 1079
1076 1080
1077 1079
1077 1080
1077 1081
1077 1941
1078 1079
1078 1081
1078 1082
1078 1703
1079 1083
1079 1174
1079 1858
1080 1082
1080 1084
1080 1208
1080 1755
1080 1899
1081 1082
1081 1083
1081 1084
1081 1156
1081 1778
1082 1083
1082 1084
1082 1572
1083 1084
1083 1085
1083 1086
1083 1295
1083 1487
1083 1799
1084 1088
1084 1199
1084 1374
1084 1531
1085 1086
1085 1088
1085 1089
1085 1232
1085 1375
1085 1523
1085 1950
1086 1089
1086 1620
1087 1088
1087 1089
1087 1090
1087 1091
1088 1480
1089 1090
1089 1091
1089 1093
1089 1424
1089 1923
1089 1983
1090 1093
1090 1760
1092 1093
1093 1096
1093 1097
1093 1520
1094 1095
1094 1097
1094 1412
1094 1447
1094 1572
1094 1626
1095 1096
1095 1097
1095 1099
1095 1223
1095 1294
1095 1297
1096 1097
1096 1099
1096 1100
1096 1564
1097 1098
1097 1949
1098 1100
1098 1101
1098 1417
1099 1102
1099 1103
1099 1183
1099 1407
1099 1878
1100 1102
1100 1261
1100 1331
1100 1463
1101 1102
1101 1103
1101 1104
1101 1105
1101 1267
1102 1104
1102 1126
1102 1557
1102 1632
1103 1105
1103 1107
1103 1846
1104 1106
1104 1107
1104 1108
1104 1375
1105 1106
1105 1452
1105 1469
1105 1536
1105 1654
1106 1107
1106 1108
1106 1184
1106 1655
1108 1110
1108 1111
1108 1112
1109 1111
1109 1112
1109 1113
1109 1886
1110 1111
1110 1113
1110 1114
1110 1723
1110 1786
1111 1112
1111 1113
1111 1114
1111 1180
1111 1665
1111 1928
1111 1965
1112 1116
1112 1214
1112 1831
1113 1114
1113 1115
1113 1117
1113 1228
1113 1692
1114 1115
1114 1117
1114 1190
1114 1431
1115 1119
1115 1471
1116 1118
1116 1120
1116 1199
1116 1488
1116 1951
1117 1121
1117 1368
1117 1408
1117 1985
1118 1120
1118 1121
1118 1122
1118 1310
1118 1550
1118 1720
1118 1951
1119 1171
1119 1242
1119 1821
1120 1121
1120 1122
1120 1123
1120 1162
1120 1236
1120 1789
1120 1940
1121 1122
1121 1125
1121 1243
1121 1826
1121 1878
1122 1123
1122 1124
1122 1125
1122 1985
1123 1124
1123 1126
1123 1127
1123 1473
1123 1480
1123 1666
1123 1709
1124 1125
1124 1126
1124 1128
1124 1179
1125 1126
1125 1127
1125 1129
1125 1968
1126 1128
1126 1129
1126 1130
1126 1847
1127 1129
1127 1130
1127 1846
1127 1947
1128 1129
1128 1130
1128 1131
1128 1537
1129 1132
1129 1499
1129 1635
1130 1131
1130 1134
1130 1209
1130 1617
1130 1722
1131 1134
1131 1175
1131 1300
1132 1134
1132 1136
1132 1233
1133 1134
1133 1135
1133 1136
1133 1384
1133 1429
1133 1910
1134 1135
1134 1136
1134 1137
1134 1138
1134 1300
1134 1485
1134 1494
1135 1137
1135 1253
1136 1137
1136 1139
1136 1149
1136 1545
1136 1800
1136 1858
1137 1138
1137 1140
1137 1502
1137 1888
1138 1411
1138 1463
1139 1140
1139 1141
1139 1142
1139 1143
1139 1362
1140 1141
1140 1142
1140 1337
1141 1143
1141 1145
1141 1170
1141 1193
1141 1783
1141 1868
1142 1143
1142 1145
1142 1773
1143 1144
1143 1376
1144 1145
1144 1146
1144 1640
1145 1146
1145 1147
1145 1148
1145 1346
1145 1373
1145 1421
1146 1150
1146 1398
1146 1548
1147 1149
1147 1150
1147 1621
1148 1151
1148 1279
1148 1364
1148 1597
1148 1713
1149 1150
1149 1153
1149 1523
1149 1676
1150 1712
1151 1154
1151 1676
1151 1820
1152 1156
1152 1893
1152 1976
1153 1154
1153 1156
1153 1280
1153 1860
1154 1155
1154 1176
1154 1373
1154 1984
1155 1156
1155 1157
1155 1158
1155 1159
1155 1201
1155 1664
1155 1859
1156 1157
1156 1158
1156 1430
1156 1956
1157 1160
1157 1189
1157 1629
1158 1161
1158 1288
1158 1310
1158 1514
1158 1681
1159 1162
1159 1550
1160 1161
1160 1164
1160 1532
1160 1580
1160 1743
1161 1162
1161 1164
1161 1165
1161 1454
1161 1627
1161 1788
1162 1163
1162 1165
1162 1597
1163 1164
1163 1165
1163 1166
1163 1167
1163 1237
1163 1625
1163 1718
1163 1731
1163 1902
1164 1166
1164 1168
1164 1523
1165 1166
1165 1167
1165 1804
1166 1167
1166 1168
1166 1357
1167 1168
1167 1289
1167 1665
1167 1903
1168 1169
1168 1170
1168 1424
1169 1170
1169 1171
1169 1172
1169 1173
1169 1180
1169 1201
1169 1306
1169 1416
1170 1172
1170 1173
1170 1262
1171 1172
1171 1173
1171 1175
1172 1173
1172 1174
1172 1276
1172 1757
1173 1174
1173 1175
1173 1407
1173 1690
1174 1175
1174 1177
1174 1283
1174 1452
1175 1394
1176 1178
1176 1179
1176 1180
1176 1225
1176 1403
1177 1178
1177 1181
1177 1522
1177 1695
1177 1736
1178 1180
1178 1182
1178 1226
1179 1188
1179 1810
1180 1181
1180 1184
1180 1304
1181 1182
1181 1183
1181 1185
1181 1407
1181 1625
1182 1183
1182 1184
1182 1193
1182 1318
1182 1404
1182 1878
1183 1185
1183 1186
1183 1187
1183 1313
1183 1743
1184 1185
1184 1187
1184 1711
1185 1186
1185 1187
1185 1188
1185 1280
1185 1454
1185 1635
1185 1964
1186 1188
1186 1589
1186 1602
1187 1188
1187 1189
1187 1191
1187 1325
1187 1547
1188 1190
1188 1191
1188 1315
1188 1872
1188 1963
1189 1190
1189 1192
1189 1193
1189 1612
1189 1863
1190 1192
1190 1216
1190 1577
1190 1850
1191 1192
1191 1193
1191 1194
1191 1380
1191 1884
1191 1891
1192 1196
1192 1484
1192 1502
1192 1906
1193 1196
1193 1219
1194 1195
1194 1198
1195 1198
1195 1199
1195 1226
1195 1783
1195 1948
1196 1197
1196 1198
1196 1199
1196 1200
1196 1367
1197 1200
1197 1260
1197 1532
1197 1772
1198 1199
1198 1492
1198 1965
1199 1201
1199 1298
1200 1201
1200 1202
1200 1328
1201 1202
1201 1205
1201 1524
1201 1724
1202 1204
1202 1205
1202 1206
1202 1756
1202 1872
1203 1205
1203 1207
1203 1462
1204 1208
1204 1373
1205 1206
1205 1207
1205 1208
1205 1209
1205 1980
1206 1207
1206 1208
1206 1209
1207 1208
1207 1565
1207 1692
1207 1715
1208 1212
1208 1213
1209 1210
1209 1213
1209 1528
1209 1539
1209 1662
1210 1212
1210 1213
1211 1212
1211 1214
1211 1573
1212 1213
1212 1215
1212 1335
1212 1361
1213 1890
1214 1919
1215 1217
1215 1218
1216 1217
1216 1341
1216 1649
1217 1219
1217 1221
1217 1364
1217 1636
1218 1219
1218 1222
1218 1656
1218 1695
1219 1220
1219 1222
1219 1223
1219 1329
1219 1512
1219 1950
1220 1299
1220 1644
1221 1223
1221 1225
1221 1262
1221 1493
1222 1225
1222 1226
1223 1224
1223 1226
1223 1227
1223 1518
1225 1227
1225 1228
1226 1229
1226 1230
1226 1377
1227 1230
1227 1231
1227 1356
1228 1229
1228 1230
1228 1232
1228 1975
1229 1230
1229 1231
1229 1233
1229 1759
1230 1232
1230 1234
1230 1289
1231 1232
1231 1233
1231 1234
1231 1471
1231 1578
1231 1584
1231 1714
1232 1233
1232 1234
1232 1791
1233 1362
1233 1540
1233 1734
1234 1235
1234 1236
1234 1237
1234 1690
1235 1238
1235 1239
1235 1434
1235 1498
1235 1516
1235 1854
1236 1306
1236 1384
1237 1238
1237 1239
1237 1240
1237 1241
1237 1966
1238 1518
1238 1610
1238 1617
1238 1766
1239 1240
1239 1242
1239 1931
1240 1241
1240 1243
1240 1244
1240 1480
1240 1814
1241 1243
1241 1244
1241 1245
1241 1375
1241 1605
1242 1245
1242 1546
1242 1722
1243 1244
1243 1246
1243 1247
1244 1245
1244 1248
1245 1248
1245 1249
1245 1320
1245 1348
1245 1483
1246 1658
1246 1729
1246 1924
1246 1935
1247 1250
1247 1277
1247 1501
1247 1854
1248 1392
1249 1297
1249 1408
1250 1251
1250 1254
1250 1388
1250 1879
1251 1252
1251 1253
1251 1255
1251 1558
1252 1254
1252 1256
1252 1909
1253 1256
1253 1669
1254 1255
1254 1256
1254 1257
1254 1258
1255 1257
1255 1258
1255 1615
1256 1257
1256 1258
1256 1260
1256 1361
1256 1748
1257 1259
1257 1260
1257 1261
1257 1542
1258 1261
1258 1262
1259 1261
1259 1263
1260 1261
1260 1262
1260 1263
1260 1264
1261 1264
1261 1554
1262 1266
1262 1646
1262 1878
1263 1264
1263 1265
1263 1266
1263 1267
1263 1892
1264 1265
1264 1266
1264 1267
1264 1462
1265 1266
1265 1267
1265 1269
1265 1421
1266 1268
1266 1269
1266 1399
1267 1270
1267 1519
1268 1696
1268 1795
1269 1270
1269 1369
1269 1642
1270 1271
1270 1272
1270 1273
1270 1646
1271 1272
1271 1273
1271 1274
1271 1275
1271 1582
1272 1273
1272 1275
1272 1276
1272 1533
1273 1274
1273 1275
1273 1433
1273 1508
1274 1594
1274 1704
1274 1763
1274 1923
1275 1276
1275 1393
1276 1278
1276 1279
1276 1401
1277 1281
1277 1330
1277 1686
1278 1279
1278 1280
1278 1281
1278 1886
1278 1960
1279 1282
1279 1283
1279 1705
1280 1282
1280 1283
1280 1284
1280 1479
1280 1951
1281 1283
1281 1285
1281 1399
1281 1949
1282 1283
1282 1284
1282 1286
1283 1284
1283 1286
1283 1287
1283 1332
1284 1286
1284 1971
1285 1286
1285 1292
1285 1598
1285 1713
1285 1863
1285 1938
1286 1287
1286 1288
1286 1289
1286 1290
1287 1291
1287 1592
1287 1874
1288 1289
1288 1291
1288 1396
1288 1415
1288 1657
1289 1290
1289 1291
1289 1293
1289 1474
1289 1857
1290 1291
1290 1560
1290 1691
1290 1704
1290 1831
1290 1965
1291 1293
1291 1294
1291 1663
1292 1293
1292 1294
1292 1296
1292 1386
1292 1548
1293 1297
1293 1764
1293 1954
1294 1296
1294 1639
1295 1296
1295 1544
1295 1886
1296 1297
1296 1299
1296 1505
1297 1298
1297 1429
1297 1672
1297 1911
1298 1300
1298 1301
1298 1302
1299 1301
1299 1303
1299 1755
1300 1301
1300 1304
1300 1306
1300 1353
1300 1748
1301 1302
1301 1304
1301 1305
1301 1331
1302 1305
1303 1306
1303 1330
1304 1305
1304 1425
1305 1306
1305 1307
1305 1309
1305 1687
1305 1760
1305 1830
1306 1307
1306 1309
1306 1636
1307 1308
1307 1311
1307 1607
1308 1309
1308 1311
1308 1312
1308 1330
1308 1398
1309 1312
1309 1313
1309 1613
1310 1313
1310 1357
1310 1553
1310 1599
1310 1952
1311 1313
1311 1314
1311 1701
1312 1314
1312 1440
1312 1785
1313 1316
1313 1660
1314 1317
1314 1899
1315 1316
1315 1319
1315 1628
1315 1701
1315 1857
1316 1376
1316 1424
1316 1974
1317 1318
1317 1319
1317 1320
1317 1321
1317 1537
1317 1735
1317 1995
1318 1319
1318 1321
1318 1322
1318 1752
1318 1908
1319 1320
1319 1323
1319 1771
1320 1322
1320 1323
1320 1414
1320 1706
1320 1885
1320 1987
1321 1325
1321 1764
1322 1326
1322 1745
1323 1326
1323 1711
1324 1325
1324 1326
1324 1328
1325 1327
1325 1328
1325 1329
1325 1441
1326 1327
1326 1328
1326 1330
1326 1468
1327 1329
1327 1330
1327 1419
1327 1844
1328 1331
1328 1332
1328 1849
1329 1331
1329 1332
1329 1333
1329 1478
1330 1388
1330 1644
1331 1333
1331 1334
1331 1335
1332 1333
1332 1336
1332 1441
1333 1334
1333 1336
1333 1655
1334 1338
1334 1635
1334 1834
1335 1338
1335 1695
1336 1337
1336 1339
1336 1340
1336 1906
1337 1338
1337 1339
1337 1340
1337 1572
1338 1339
1338 1341
1338 1425
1338 1984
1339 1342
1339 1343
1339 1651
1339 1784
1339 1988
1340 1341
1340 1342
1340 1532
1341 1342
1341 1345
1341 1546
1342 1343
1342 1345
1343 1345
1343 1346
1343 1404
1343 1950
1344 1346
1344 1923
1345 1346
1345 1348
1345 1349
1346 1348
1346 1350
1346 1685
1346 1867
1347 1350
1347 1425
1347 1626
1348 1349
1348 1350
1348 1376
1348 1590
1348 1890
1349 1353
1349 1427
1350 1670
1351 1353
1351 1354
1351 1757
1351 1844
1351 1864
1351 1871
1351 1899
1352 1353
1352 1355
1352 1356
1352 1380
1352 1502
1352 1553
1352 1949
1353 1354
1353 1355
1354 1355
1354 1358
1354 1496
1354 1635
1355 1356
1355 1357
1355 1358
1355 1359
1356 1357
1356 1359
1356 1360
1356 1880
1357 1358
1357 1359
1357 1360
1357 1680
1358 1359
1358 1362
1359 1361
1359 1447
1359 1466
1359 1899
1360 1361
1360 1362
1360 1363
1360 1777
1360 1963
1361 1362
1361 1363
1361 1365
1361 1510
1361 1530
1361 1912
1362 1365
1363 1779
1363 1825
1363 1933
1363 1960
1364 1639
1365 1366
1365 1369
1365 1573
1366 1369
1366 1370
1366 1399
1366 1552
1367 1371
1367 1540
1367 1578
1368 1369
1368 1371
1368 1372
1368 1389
1368 1887
1369 1821
1370 1371
1370 1372
1370 1467
1371 1372
1371 1374
1371 1375
1371 1458
1371 1540
1372 1374
1372 1434
1372 1597
1373 1375
1373 1376
1373 1377
1373 1596
1373 1604
1374 1375
1374 1376
1374 1418
1375 1377
1375 1378
1375 1379
1375 1523
1376 1378
1376 1379
1377 1378
1377 1379
1378 1380
1378 1381
1378 1585
1379 1380
1379 1381
1379 1382
1379 1383
1380 1381
1380 1382
1381 1383
1381 1385
1381 1458
1381 1968
1382 1383
1382 1385
1382 1386
1382 1974
1383 1385
1383 1536
1384 1385
1384 1386
1384 1387
1384 1388
1384 1513
1384 1911
1385 1389
1385 1850
1386 1387
1386 1388
1386 1390
1386 1552
1387 1388
1387 1538
1387 1721
1388 1390
1388 1391
1388 1392
1388 1406
1388 1766
1389 1393
1389 1600
1390 1391
1390 1394
1390 1968
1391 1392
1391 1394
1391 1416
1391 1691
1392 1395
1392 1507
1393 1394
1393 1395
1393 1397
1393 1495
1393 1764
1393 1839
1394 1395
1394 1397
1394 1503
1395 1397
1395 1398
1395 1968
1396 1399
1396 1400
1396 1753
1396 1766
1396 1929
1397 1909
1398 1399
1398 1400
1398 1401
1398 1402
1399 1400
1399 1403
1399 1535
1399 1815
1400 1401
1400 1402
1400 1708
1400 1815
1401 1403
1401 1405
1401 1581
1401 1850
1402 1404
1402 1405
1402 1406
1402 1627
1402 1914
1403 1405
1403 1466
1403 1692
1404 1408
1404 1687
1405 1406
1405 1407
1405 1408
1405 1513
1405 1554
1406 1409
1406 1726
1406 1728
1407 1408
1407 1409
1407 1411
1408 1409
1408 1412
1408 1811
1408 1907
1409 1411
1410 1411
1410 1413
1411 1413
1411 1414
1412 1413
1412 1414
1412 1680
1413 1414
1413 1415
1413 1416
1414 1417
1414 1418
1414 1475
1414 1861
1415 1417
1415 1418
1415 1681
1415 1867
1416 1417
1416 1418
1416 1419
1416 1520
1416 1871
1417 1419
1417 1492
1418 1419
1418 1420
1418 1422
1418 1611
1418 1761
1418 1888
1418 1981
1419 1421
1419 1422
1419 1423
1419 1605
1419 1746
1420 1421
1420 1423
1420 1424
1420 1754
1420 1886
1421 1422
1421 1423
1422 1423
1422 1424
1422 1425
1422 1470
1423 1992
1424 1428
1425 1426
1425 1427
1425 1428
1425 1751
1425 1764
1426 1427
1426 1429
1426 1453
1426 1501
1426 1684
1426 1856
1427 1431
1427 1737
1427 1862
1428 1430
1428 1431
1429 1432
1429 1721
1430 1432
1430 1433
1430 1434
1430 1565
1430 1592
1430 1999
1431 1432
1431 1433
1432 1433
1433 1436
1433 1437
1434 1435
1434 1455
1434 1962
1435 1437
1435 1439
1435 1574
1435 1751
1435 1949
1436 1437
1436 1439
1436 1659
1436 1869
1436 1979
1437 1439
1437 1441
1437 1582
1437 1756
1438 1439
1438 1441
1438 1442
1439 1440
1439 1441
1439 1442
1439 1517
1439 1786
1440 1443
1440 1607
1440 1806
1441 1444
1441 1445
1441 1493
1442 1443
1442 1461
1442 1847
1442 1856
1443 1445
1443 1446
1444 1446
1444 1448
1444 1523
1444 1946
1445 1446
1445 1538
1445 1600
1445 1624
1445 1923
1446 1447
1446 1449
1446 1450
1447 1641
1447 1785
1447 1914
1448 1450
1449 1451
1449 1452
1450 1452
1450 1576
1451 1452
1451 1909
1452 1453
1452 1772
1452 1854
1453 1454
1453 1456
1453 1457
1454 1457
1454 1458
1455 1458
1455 1459
1455 1462
1455 1750
1455 1819
1456 1457
1456 1459
1456 1460
1457 1458
1457 1459
1457 1461
1457 1707
1457 1831
1458 1461
1458 1678
1458 1752
1458 1858
1458 1908
1459 1460
1459 1461
1459 1462
1459 1463
1459 1498
1459 1965
1460 1461
1460 1463
1461 1464
1461 1465
1462 1463
1462 1464
1462 1466
1462 1521
1462 1629
1463 1464
1463 1595
1463 1702
1464 1466
1464 1467
1465 1468
1465 1687
1465 1976
1465 1990
1466 1467
1466 1468
1466 1469
1466 1470
1467 1469
1467 1471
1468 1469
1468 1471
1468 1590
1468 1655
1468 1915
1469 1470
1469 1471
1469 1472
1469 1634
1470 1474
1470 1956
1471 1474
1471 1948
1472 1473
1473 1474
1473 1476
1474 1475
1474 1790
1474 1798
1475 1479
1475 1659
1476 1478
1476 1523
1476 1683
1476 1727
1477 1478
1477 1479
1477 1481
1477 1785
1478 1481
1478 1482
1479 1483
1480 1482
1480 1733
1480 1735
1481 1482
1481 1484
1481 1485
1482 1485
1482 1655
1483 1548
1483 1961
1484 1486
1484 1487
1484 1653
1485 1486
1485 1487
1485 1488
1485 1489
1485 1759
1486 1488
1486 1489
1486 1490
1487 1489
1487 1490
1487 1491
1487 1628
1487 1679
1487 1973
1488 1491
1488 1582
1488 1588
1489 1490
1489 1493
1489 1548
1490 1491
1490 1492
1490 1778
1490 1930
1491 1492
1491 1493
1491 1494
1491 1495
1492 1493
1492 1495
1492 1496
1493 1495
1493 1496
1494 1495
1494 1725
1494 1967
1495 1497
1495 1498
1495 1499
1495 1547
1497 1499
1497 1500
1497 1501
1497 1603
1497 1919
1498 1501
1498 1502
1499 1625
1499 1873
1500 1501
1500 1502
1500 1503
1500 1536
1500 1622
1500 1769
1500 1822
1500 1901
1501 1503
1501 1505
1501 1937
1501 1965
1502 1504
1503 1504
1503 1505
1503 1507
1504 1507
1504 1774
1504 1856
1505 1507
1505 1508
1505 1811
1505 1889
1506 1507
1506 1510
1506 1590
1506 1678
1506 1748
1507 1508
1507 1511
1508 1511
1508 1512
1508 1983
1509 1601
1509 1767
1510 1512
1510 1513
1511 1513
1511 1514
1511 1727
1512 1513
1512 1514
1512 1515
1512 1516
1513 1514
1513 1517
1513 1803
1513 1994
1514 1515
1515 1517
1515 1519
1515 1696
1515 1867
1516 1747
1517 1518
1517 1520
1517 1875
1518 1519
1518 1522
1519 1521
1519 1619
1520 1521
1520 1524
1521 1522
1521 1523
1521 1525
1522 1525
1522 1907
1523 1546
1523 1559
1524 1525
1524 1526
1524 1528
1524 1907
1525 1526
1525 1529
1526 1528
1526 1529
1526 1530
1526 1706
1527 1529
1528 1529
1528 1579
1528 1817
1529 1531
1529 1532
1530 1531
1530 1532
1530 1534
1531 1535
1532 1536
1533 1537
1533 1575
1533 1682
1534 1537
1534 1851
1535 1537
1535 1553
1536 1539
1537 1539
1537 1541
1537 1945
1538 1539
1538 1542
1538 1851
1539 1540
1539 1820
1540 1543
1540 1544
1540 1813
1541 1543
1541 1545
1541 1639
1542 1544
1543 1544
1543 1545
1543 1546
1543 1742
1543 1877
1544 1819
1545 1546
1546 1547
1546 1548
1546 1550
1546 1744
1546 1779
1546 1801
1546 1928
1547 1550
1547 1551
1547 1653
1547 1735
1547 1817
1548 1550
1548 1551
1548 1552
1548 1880
1549 1552
1549 1553
1549 1714
1549 1752
1549 1880
1550 1551
1550 1586
1551 1553
1551 1572
1551 1576
1552 1555
1553 1555
1553 1556
1553 1557
1554 1557
1554 1558
1555 1558
1555 1559
1555 1583
1555 1908
1556 1557
1556 1558
1556 1559
1557 1558
1557 1561
1558 1562
1559 1560
1559 1561
1559 1563
1560 1561
1560 1562
1560 1564
1561 1563
1561 1565
1562 1565
1562 1566
1563 1564
1563 1565
1563 1566
1563 1567
1563 1641
1564 1565
1564 1568
1564 1739
1565 1569
1566 1568
1566 1718
1566 1955
1567 1571
1567 1760
1567 1971
1568 1570
1568 1571
1568 1934
1569 1570
1569 1827
1570 1572
1570 1573
1570 1574
1570 1891
1571 1572
1571 1574
1571 1575
1572 1790
1572 1859
1573 1576
1573 1577
1573 1753
1574 1575
1574 1578
1574 1805
1575 1576
1575 1577
1575 1578
1576 1577
1576 1579
1576 1643
1577 1578
1577 1793
1577 1858
1578 1579
1578 1581
1578 1582
1578 1665
1579 1580
1579 1582
1580 1583
1581 1582
1581 1585
1582 1790
1583 1584
1583 1585
1583 1586
1583 1587
1583 1874
1584 1585
1584 1586
1584 1917
1585 1586
1585 1587
1585 1589
1585 1944
1586 1587
1586 1699
1586 1872
1587 1588
1587 1589
1587 1590
1588 1592
1588 1655
1589 1592
1589 1593
1589 1792
1590 1591
1590 1592
1590 1593
1590 1594
1590 1887
1591 1593
1591 1737
1592 1593
1592 1594
1593 1594
1593 1871
1594 1598
1595 1596
1595 1597
1595 1598
1595 1741
1597 1599
1598 1599
1598 1602
1599 1600
1599 1601
1599 1602
1599 1783
1600 1602
1600 1604
1601 1602
1601 1605
1601 1836
1602 1603
1602 1605
1602 1606
1602 1837
1603 1606
1603 1607
1603 1943
1604 1606
1604 1608
1604 1788
1604 1814
1605 1606
1605 1608
1606 1607
1606 1608
1606 1609
1607 1608
1607 1807
1608 1610
1608 1938
1609 1611
1610 1611
1610 1613
1610 1614
1610 1689
1610 1939
1611 1614
1611 1615
1611 1690
1611 1796
1612 1615
1612 1616
1613 1614
1613 1655
1613 1735
1614 1881
1615 1616
1615 1618
1615 1619
1615 1864
1616 1617
1616 1618
1618 1619
1618 1620
1618 1870
1619 1623
1619 1662
1620 1621
1620 1622
1620 1717
1620 1915
1621 1622
1621 1623
1621 1625
1621 1810
1622 1623
1622 1625
1622 1691
1623 1626
1623 1695
1623 1860
1623 1987
1624 1626
1624 1634
1625 1627
1625 1636
1627 1897
1628 1629
1628 1630
1628 1632
1629 1630
1629 1632
1629 1684
1629 1980
1630 1632
1630 1634
1631 1632
1631 1633
1631 1634
1631 1635
1632 1634
1632 1636
1633 1634
1633 1637
1633 1671
1633 1802
1634 1636
1635 1636
1636 1638
1636 1682
1636 1818
1637 1638
1637 1640
1637 1641
1638 1639
1638 1641
1638 1914
1639 1641
1639 1682
1639 1764
1640 1641
1640 1643
1640 1964
1641 1644
1641 1645
1643 1646
1643 1647
1643 1758
1643 1795
1644 1646
1644 1647
1644 1648
1644 1839
1645 1648
1645 1668
1645 1740
1646 1648
1646 1649
1646 1650
1647 1648
1647 1649
1647 1660
1648 1649
1648 1652
1648 1803
1649 1650
1649 1651
1649 1652
1650 1652
1650 1654
1651 1653
1651 1655
1651 1725
1652 1653
1652 1654
1652 1656
1652 1858
1653 1655
1654 1655
1654 1656
1654 1657
1654 1658
1655 1659
1656 1818
1657 1658
1657 1660
1657 1661
1657 1803
1657 1970
1658 1659
1659 1662
1659 1663
1660 1661
1660 1664
1661 1663
1662 1664
1662 1689
1662 1733
1663 1664
1663 1949
1664 1667
1664 1668
1665 1667
1665 1668
1666 1667
1666 1670
1667 1671
1668 1885
1668 1950
1669 1671
1669 1672
1669 1673
1670 1672
1670 1674
1670 1861
1671 1672
1671 1675
1672 1673
1672 1674
1672 1676
1673 1674
1673 1857
1674 1677
1675 1676
1675 1679
1675 1724
1675 1830
1676 1677
1676 1815
1677 1680
1677 1681
1678 1679
1679 1680
1679 1683
1679 1786
1679 1867
1680 1684
1680 1933
1681 1682
1681 1684
1681 1797
1681 1890
1682 1968
1683 1684
1683 1685
1685 1686
1685 1689
1685 1919
1686 1687
1686 1688
1686 1690
1686 1891
1687 1688
1687 1689
1687 1691
1688 1689
1688 1720
1689 1691
1689 1692
1690 1691
1690 1693
1690 1694
1690 1743
1690 1845
1691 1694
1691 1695
1691 1749
1692 1693
1692 1694
1692 1695
1693 1817
1693 1976
1694 1695
1694 1783
1695 1698
1695 1699
1695 1956
1695 1961
1696 1697
1696 1698
1696 1699
1697 1700
1697 1701
1698 1700
1698 1701
1699 1703
1700 1702
1700 1704
1701 1702
1701 1703
1702 1703
1702 1704
1702 1706
1702 1775
1703 1706
1703 1707
1704 1705
1704 1706
1704 1707
1706 1875
1706 1952
1707 1708
1707 1710
1707 1711
1708 1969
1709 1711
1709 1815
1710 1712
1710 1713
1710 1714
1711 1712
1711 1714
1711 1715
1712 1714
1712 1715
1712 1946
1713 1717
1713 1858
1714 1716
1714 1717
1715 1719
1715 1886
1716 1718
1716 1719
1717 1721
1717 1838
1717 1880
1718 1720
1718 1721
1718 1722
1718 1849
1719 1720
1720 1723
1721 1723
1722 1725
1723 1725
1724 1726
1724 1728
1725 1728
1726 1727
1726 1729
1726 1730
1727 1729
1727 1730
1727 1731
1728 1729
1728 1732
1729 1730
1729 1733
1729 1916
1730 1731
1730 1732
1730 1733
1730 1816
1731 1732
1731 1733
1731 1734
1731 1809
1732 1733
1733 1737
1734 1738
1734 1955
1735 1737
1735 1739
1736 1737
1736 1738
1736 1740
1737 1739
1737 1741
1738 1739
1740 1741
1740 1742
1740 1743
1740 1744
1741 1742
1741 1743
1741 1745
1742 1743
1742 1918
1743 1744
1743 1745
1743 1746
1744 1745
1744 1746
1744 1747
1744 1887
1745 1746
1745 1748
1745 1749
1745 1788
1745 1868
1746 1748
1746 1750
1746 1923
1748 1749
1748 1800
1749 1750
1749 1751
1749 1999
1750 1751
1750 1752
1750 1754
1751 1754
1752 1755
1752 1756
1753 1755
1753 1810
1754 1755
1754 1757
1754 1758
1755 1758
1755 1759
1755 1889
1756 1757
1756 1758
1756 1759
1757 1758
1757 1760
1758 1762
1758 1945
1759 1760
1759 1761
1760 1762
1760 1763
1761 1762
1761 1763
1761 1764
1761 1765
1762 1763
1762 1765
1763 1766
1764 1765
1764 1767
1765 1767
1765 1768
1765 1769
1766 1767
1767 1768
1768 1772
1769 1772
1769 1773
1769 1894
1770 1773
1770 1774
1770 1863
1770 1913
1770 1999
1771 1772
1771 1773
1772 1775
1772 1897
1773 1775
1773 1899
1774 1775
1774 1776
1774 1778
1774 1973
1775 1776
1775 1778
1775 1779
1776 1868
1777 1778
1778 1779
1778 1780
1778 1781
1779 1780
1779 1783
1780 1781
1780 1782
1780 1784
1781 1785
1781 1792
1782 1897
1782 1925
1783 1784
1783 1785
1783 1787
1784 1787
1785 1880
1786 1790
1787 1791
1788 1791
1788 1792
1789 1790
1789 1791
1789 1792
1789 1793
1790 1791
1790 1792
1790 1794
1791 1792
1791 1793
1791 1794
1792 1794
1793 1794
1793 1795
1793 1797
1794 1797
1794 1798
1795 1796
1795 1797
1795 1799
1795 1936
1796 1799
1797 1800
1797 1801
1798 1799
1798 1801
1799 1801
1799 1803
1800 1801
1800 1804
1800 1986
1801 1802
1801 1804
1801 1805
1803 1804
1803 1806
1803 1819
1804 1805
1804 1806
1804 1807
1804 1808
1805 1806
1805 1807
1805 1808
1806 1807
1807 1808
1807 1809
1807 1811
1807 1968
1808 1809
1808 1812
1809 1811
1809 1812
1809 1813
1809 1822
1810 1811
1810 1814
1811 1812
1811 1813
1811 1815
1812 1813
1812 1814
1812 1816
1813 1816
1814 1815
1814 1816
1814 1818
1814 1918
1814 1993
1815 1816
1815 1818
1815 1819
1816 1975
1817 1821
1818 1821
1819 1820
1819 1822
1819 1823
1820 1821
1820 1823
1821 1825
1822 1823
1822 1824
1822 1825
1822 1826
1823 1825
1824 1825
1824 1972
1825 1924
1826 1827
1827 1828
1827 1830
1828 1830
1828 1831
1829 1832
1830 1831
1830 1836
1831 1832
1831 1833
1831 1834
1831 1835
1832 1833
1832 1834
1832 1835
1832 1836
1833 1834
1833 1835
1833 1836
1833 1837
1834 1836
1834 1837
1834 1838
1834 1881
1835 1836
1835 1837
1835 1838
1835 1839
1836 1837
1836 1838
1836 1840
1837 1838
1837 1839
1837 1840
1838 1839
1838 1841
1838 1842
1838 1860
1839 1840
1840 1841
1840 1843
1840 1844
1841 1842
1841 1843
1841 1844
1841 1845
1842 1843
1842 1845
1842 1846
1842 1987
1843 1844
1843 1845
1843 1846
1843 1847
1843 1991
1844 1845
1844 1846
1844 1848
1844 1944
1846 1847
1846 1849
1846 1850
1848 1851
1848 1852
1849 1852
1849 1853
1849 1982
1850 1852
1851 1852
1851 1853
1851 1854
1851 1855
1852 1853
1852 1855
1852 1856
1852 1965
1853 1856
1854 1856
1854 1857
1854 1858
1855 1857
1856 1857
1856 1858
1856 1859
1857 1859
1857 1900
1858 1859
1859 1862
1859 1975
1860 1862
1861 1863
1861 1865
1861 1875
1861 1962
1862 1863
1862 1866
1863 1864
1863 1865
1863 1867
1863 1970
1864 1865
1864 1866
1864 1867
1864 1868
1865 1866
1865 1867
1865 1868
1867 1868
1867 1870
1868 1869
1868 1871
1869 1870
1869 1872
1870 1871
1871 1874
1872 1873
1872 1874
1872 1910
1873 1874
1873 1876
1874 1877
1875 1876
1875 1878
1875 1879
1876 1877
1876 1878
1876 1879
1877 1880
1878 1880
1878 1882
1879 1880
1879 1881
1879 1883
1880 1883
1880 1884
1881 1882
1881 1883
1881 1884
1882 1883
1882 1884
1882 1886
1882 1972
1883 1884
1883 1886
1883 1887
1883 1920
1885 1886
1885 1889
1886 1889
1887 1889
1887 1891
1888 1890
1888 1891
1888 1892
1889 1890
1889 1892
1889 1893
1890 1891
1891 1892
1891 1893
1892 1896
1893 1896
1893 1897
1894 1896
1895 1896
1895 1897
1895 1898
1895 1899
1896 1898
1896 1899
1896 1934
1897 1898
1897 1899
1898 1899
1898 1900
1898 1901
1899 1900
1899 1901
1899 1903
1900 1901
1900 1902
1901 1902
1902 1905
1903 1907
1905 1907
1905 1909
1906 1908
1906 1909
1906 1910
1907 1961
1908 1909
1908 1910
1909 1910
1909 1913
1910 1911
1910 1912
1910 1913
1910 1914
1911 1913
1911 1914
1911 1915
1911 1998
1912 1913
1912 1915
1912 1916
1913 1915
1913 1917
1914 1915
1914 1918
1915 1918
1916 1918
1917 1918
1918 1920
1918 1921
1918 1922
1919 1921
1919 1922
1919 1945
1920 1921
1920 1922
1920 1923
1920 1961
1921 1923
1922 1925
1922 1926
1923 1927
1923 1937
1924 1925
1924 1928
1925 1926
1926 1927
1926 1928
1926 1929
1926 1930
1927 1929
1927 1930
1928 1932
1929 1930
1929 1931
1929 1932
1930 1931
1931 1932
1931 1933
1931 1934
1931 1935
1932 1933
1932 1934
1932 1936
1932 1977
1933 1936
1933 1937
1934 1935
1934 1938
1935 1938
1936 1939
1937 1940
1939 1978
1940 1943
1940 1944
1941 1944
1941 1945
1942 1943
1945 1948
1946 1948
1946 1950
1947 1948
1947 1949
1947 1951
1950 1951
1950 1952
1950 1953
1950 1954
1951 1952
1952 1953
1952 1956
1953 1954
1953 1955
1953 1957
1954 1956
1954 1958
1955 1956
1955 1958
1955 1959
1958 1959
1958 1960
1958 1962
1959 1963
1960 1963
1962 1963
1962 1964
1962 1965
1962 1966
1962 1968
1964 1965
1966 1967
1966 1969
1967 1968
1967 1969
1968 1970
1968 1972
1969 1970
1969 1971
1970 1971
1970 1972
1971 1974
1972 1973
1973 1974
1973 1975
1973 1976
1974 1976
1974 1977
1974 1978
1975 1976
1975 1978
1975 1979
1976 1977
1976 1978
1977 1979
1977 1997
1978 1979
1978 1980
1978 1981
1978 1982
1979 1980
1979 1982
1980 1981
1980 1984
1981 1984
1981 1985
1982 1985
1982 1986
1983 1986
1983 1987
1984 1985
1984 1987
1985 1988
1985 1995
1986 1987
1986 1988
1986 1990
1987 1988
1987 1991
1988 1989
1988 1990
1988 1991
1989 1992
1990 1991
1990 1993
1990 1994
1991 1992
1991 1995
1992 1994
1992 1995
1992 1996
1993 1994
1993 1996
1994 1997
1995 1998
1996 1997
1996 1998
1996 1999
1997 1998
